6 3 0 0 0 0 0 0 0 0 0 0 0 0 0 0 0 0 0 0 0 0 0 0 0 0 0 0 0 0 0 0 0 0 0 0 0 0 0 0
5 6 3 4 9 8 0 0 0 0 0 0 0 0 0 0 0 0 0 0 0 0 0 0 0 0 0 0 0 0 0 0 0 0 0 0 0 0 0 0
7 1 3 9 5 6 1 1 1 1 3 4 7 2 0 0 0 0 0 0 0 0 0 0 0 0 0 0 0 0 0 0 0 0 0 0 0 0 0 0
5 5 6 3 9 6 0 0 0 0 0 0 0 0 0 0 0 0 0 0 0 0 0 0 0 0 0 0 0 0 0 0 0 0 0 0 0 0 0 0
5 0 0 0 0 0 0 0 0 0 0 0 0 0 0 0 0 0 0 0 0 0 0 0 0 0 0 0 0 0 0 0 0 0 0 0 0 0 0 0
9 5 5 6 2 5 6 1 1 2 6 2 5 6 1 2 5 6 1 1 1 1 1 2 5 6 1 1 0 0 0 0 0 0 0 0 0 0 0 0
5 6 3 9 6 1 3 9 6 3 9 5 6 1 3 9 5 6 1 1 2 6 2 5 0 0 0 0 0 0 0 0 0 0 0 0 0 0 0 0
6 1 3 9 5 5 5 6 1 2 5 6 1 1 3 4 7 3 9 6 3 9 5 6 2 6 1 2 5 5 6 3 7 0 0 0 0 0 0 0
5 5 5 6 3 9 5 6 2 0 0 0 0 0 0 0 0 0 0 0 0 0 0 0 0 0 0 0 0 0 0 0 0 0 0 0 0 0 0 0
9 5 5 6 3 9 6 1 2 6 1 1 3 7 2 6 3 7 3 4 9 5 0 0 0 0 0 0 0 0 0 0 0 0 0 0 0 0 0 0
5 6 3 4 4 9 5 6 3 9 6 1 3 9 6 3 0 0 0 0 0 0 0 0 0 0 0 0 0 0 0 0 0 0 0 0 0 0 0 0