7 0 0 0 0 0 0 0 0 0 0 0 0 0 0 0 0 0 0 0 0 0 0 0 0 0 0 0 0 0 0 0 0 0 0 0 0 0 0 0
5 5 6 3 9 6 1 2 6 1 3 7 3 4 9 5 0 0 0 0 0 0 0 0 0 0 0 0 0 0 0 0 0 0 0 0 0 0 0 0
7 3 9 5 6 2 5 6 1 1 3 4 9 5 0 0 0 0 0 0 0 0 0 0 0 0 0 0 0 0 0 0 0 0 0 0 0 0 0 0
5 0 0 0 0 0 0 0 0 0 0 0 0 0 0 0 0 0 0 0 0 0 0 0 0 0 0 0 0 0 0 0 0 0 0 0 0 0 0 0
5 6 3 4 9 8 0 0 0 0 0 0 0 0 0 0 0 0 0 0 0 0 0 0 0 0 0 0 0 0 0 0 0 0 0 0 0 0 0 0
9 5 6 2 5 6 1 3 7 1 1 1 3 4 7 2 0 0 0 0 0 0 0 0 0 0 0 0 0 0 0 0 0 0 0 0 0 0 0 0
5 5 6 3 9 5 6 3 9 6 1 2 6 1 2 5 5 6 3 4 9 5 1 2 5 6 1 1 3 7 2 6 3 4 7 2 0 0 0 0
6 0 9 5 5 6 1 3 9 6 0 0 0 0 0 0 0 0 0 0 0 0 0 0 0 0 0 0 0 0 0 0 0 0 0 0 0 0 0 0
5 6 3 7 3 4 9 5 0 0 0 0 0 0 0 0 0 0 0 0 0 0 0 0 0 0 0 0 0 0 0 0 0 0 0 0 0 0 0 0
5 5 6 3 9 6 3 9 6 0 0 0 0 0 0 0 0 0 0 0 0 0 0 0 0 0 0 0 0 0 0 0 0 0 0 0 0 0 0 0
7 1 3 9 5 6 2 5 6 1 2 6 1 1 1 1 1 1 2 5 6 1 1 3 4 7 3 9 8 0 0 0 0 0 0 0 0 0 0 0
7 1 3 9 5 6 3 9 6 1 1 3 7 3 4 9 5 0 0 0 0 0 0 0 0 0 0 0 0 0 0 0 0 0 0 0 0 0 0 0
0 5 5 6 3 9 5 6 3 9 6 2 6 1 2 5 6 3 7 0 0 0 0 0 0 0 0 0 0 0 0 0 0 0 0 0 0 0 0 0
5 5 6 3 7 0 0 0 0 0 0 0 0 0 0 0 0 0 0 0 0 0 0 0 0 0 0 0 0 0 0 0 0 0 0 0 0 0 0 0
5 5 6 3 9 6 1 3 9 6 0 0 0 0 0 0 0 0 0 0 0 0 0 0 0 0 0 0 0 0 0 0 0 0 0 0 0 0 0 0
5 8 0 0 0 0 0 0 0 0 0 0 0 0 0 0 0 0 0 0 0 0 0 0 0 0 0 0 0 0 0 0 0 0 0 0 0 0 0 0
0 0 0 0 0 0 0 0 0 0 0 0 0 0 0 0 0 0 0 0 0 0 0 0 0 0 0 0 0 0 0 0 0 0 0 0 0 0 0 0
9 5 5 6 3 9 6 3 9 6 6 2 6 1 2 5 5 6 0 0 0 0 0 0 0 0 0 0 0 0 0 0 0 0 0 0 0 0 0 0
5 0 0 0 0 0 0 0 0 0 0 0 0 0 0 0 0 0 0 0 0 0 0 0 0 0 0 0 0 0 0 0 0 0 0 0 0 0 0 0
5 6 3 9 6 1 3 9 6 3 9 5 6 3 9 5 6 2 6 1 1 1 3 7 3 4 7 2 0 0 0 0 0 0 0 0 0 0 0 0
7 1 1 3 7 3 4 9 8 0 0 0 0 0 0 0 0 0 0 0 0 0 0 0 0 0 0 0 0 0 0 0 0 0 0 0 0 0 0 0
5 5 6 3 9 5 6 1 2 5 6 1 2 6 3 9 5 6 3 9 6 1 1 2 5 6 3 4 9 0 0 0 0 0 0 0 0 0 0 0
7 1 1 3 9 5 5 6 1 1 1 1 3 4 7 2 0 0 0 0 0 0 0 0 0 0 0 0 0 0 0 0 0 0 0 0 0 0 0 0
0 7 0 0 0 0 0 0 0 0 0 0 0 0 0 0 0 0 0 0 0 0 0 0 0 0 0 0 0 0 0 0 0 0 0 0 0 0 0 0
9 5 5 6 1 2 5 6 1 1 2 6 1 1 3 9 5 6 1 1 1 3 7 2 6 2 5 6 3 9 5 6 1 3 9 6 1 1 1 3
5 6 3 4 9 8 0 0 0 0 0 0 0 0 0 0 0 0 0 0 0 0 0 0 0 0 0 0 0 0 0 0 0 0 0 0 0 0 0 0
6 1 3 0 4 9 0 0 0 0 0 0 0 0 0 0 0 0 0 0 0 0 0 0 0 0 0 0 0 0 0 0 0 0 0 0 0 0 0 0
5 6 3 7 3 9 6 3 9 6 3 9 5 6 1 1 2 5 6 2 0 0 0 0 0 0 0 0 0 0 0 0 0 0 0 0 0 0 0 0
9 5 5 6 3 9 6 1 0 6 1 6 0 0 0 0 0 0 0 0 0 0 0 0 0 0 0 0 0 0 0 0 0 0 0 0 0 0 0 0
5 5 5 6 3 9 5 6 3 9 6 1 1 3 4 9 8 0 0 0 0 0 0 0 0 0 0 0 0 0 0 0 0 0 0 0 0 0 0 0
6 1 3 0 0 0 0 0 0 0 0 0 0 0 0 0 0 0 0 0 0 0 0 0 0 0 0 0 0 0 0 0 0 0 0 0 0 0 0 0
6 1 3 9 5 5 6 1 1 3 4 9 8 0 0 0 0 0 0 0 0 0 0 0 0 0 0 0 0 0 0 0 0 0 0 0 0 0 0 0
6 1 3 0 0 0 0 0 0 0 0 0 0 0 0 0 0 0 0 0 0 0 0 0 0 0 0 0 0 0 0 0 0 0 0 0 0 0 0 0
5 5 6 3 9 6 3 9 6 1 1 1 3 3 4 7 2 0 0 0 0 0 0 0 0 0 0 0 0 0 0 0 0 0 0 0 0 0 0 0
9 5 5 5 6 2 0 0 0 0 0 0 0 0 0 0 0 0 0 0 0 0 0 0 0 0 0 0 0 0 0 0 0 0 0 0 0 0 0 0
5 6 3 9 5 6 1 3 9 5 6 1 5 6 1 3 7 0 0 0 0 0 0 0 0 0 0 0 0 0 0 0 0 0 0 0 0 0 0 0
5 5 6 3 9 6 1 0 0 0 0 0 0 0 0 0 0 0 0 0 0 0 0 0 0 0 0 0 0 0 0 0 0 0 0 0 0 0 0 0
9 5 6 1 2 5 5 6 1 2 5 6 3 9 6 3 9 6 1 2 6 1 3 4 9 6 3 0 0 0 0 0 0 0 0 0 0 0 0 0
5 0 0 0 0 0 0 0 0 0 0 0 0 0 0 0 0 0 0 0 0 0 0 0 0 0 0 0 0 0 0 0 0 0 0 0 0 0 0 0
5 6 3 9 6 3 0 0 0 0 0 0 0 0 0 0 0 0 0 0 0 0 0 0 0 0 0 0 0 0 0 0 0 0 0 0 0 0 0 0
6 1 3 9 5 5 6 3 9 6 1 2 6 1 1 3 7 2 6 3 7 3 4 9 5 0 0 0 0 0 0 0 0 0 0 0 0 0 0 0
5 0 0 0 0 0 0 0 0 0 0 0 0 0 0 0 0 0 0 0 0 0 0 0 0 0 0 0 0 0 0 0 0 0 0 0 0 0 0 0
5 5 6 3 9 6 3 9 6 2 6 0 0 0 0 0 0 0 0 0 0 0 0 0 0 0 0 0 0 0 0 0 0 0 0 0 0 0 0 0
7 1 3 9 5 5 6 3 9 6 2 5 1 3 7 0 0 0 0 0 0 0 0 0 0 0 0 0 0 0 0 0 0 0 0 0 0 0 0 0
9 5 5 6 1 2 5 6 1 1 2 6 2 5 6 2 5 6 3 9 5 6 1 2 5 5 6 1 1 1 2 5 6 1 1 1 2 6 2 5
6 3 0 0 0 0 0 0 0 0 0 0 0 0 0 0 0 0 0 0 0 0 0 0 0 0 0 0 0 0 0 0 0 0 0 0 0 0 0 0
5 6 3 7 0 0 0 0 0 0 0 0 0 0 0 0 0 0 0 0 0 0 0 0 0 0 0 0 0 0 0 0 0 0 0 0 0 0 0 0
9 5 5 6 3 9 6 1 2 6 1 1 3 7 2 5 6 3 7 3 9 6 3 9 5 6 3 9 6 1 2 6 1 2 0 0 0 0 0 0
6 3 0 0 0 0 0 0 0 0 0 0 0 0 0 0 0 0 0 0 0 0 0 0 0 0 0 0 0 0 0 0 0 0 0 0 0 0 0 0
5 6 1 3 7 7 3 4 9 5 0 0 0 0 0 0 0 0 0 0 0 0 0 0 0 0 0 0 0 0 0 0 0 0 0 0 0 0 0 0
9 5 5 6 3 9 6 1 1 1 2 6 2 6 1 0 0 0 0 0 0 0 0 0 0 0 0 0 0 0 0 0 0 0 0 0 0 0 0 0
7 1 3 0 0 0 0 0 0 0 0 0 0 0 0 0 0 0 0 0 0 0 0 0 0 0 0 0 0 0 0 0 0 0 0 0 0 0 0 0
7 1 3 9 5 5 6 3 9 6 1 2 6 1 1 1 3 4 7 2 0 0 0 0 0 0 0 0 0 0 0 0 0 0 0 0 0 0 0 0
6 1 3 9 6 3 9 5 6 2 5 6 1 2 5 6 1 1 1 1 1 2 6 2 5 6 1 1 2 5 5 6 1 1 1 1 1 5 6 1
5 5 6 3 9 5 6 3 9 6 2 0 0 0 0 0 0 0 0 0 0 0 0 0 0 0 0 0 0 0 0 0 0 0 0 0 0 0 0 0
9 5 5 6 2 5 6 1 2 6 1 3 9 5 6 1 1 3 7 2 5 6 3 7 0 0 0 0 0 0 0 0 0 0 0 0 0 0 0 0
7 1 3 4 9 5 0 0 0 0 0 0 0 0 0 0 0 0 0 0 0 0 0 0 0 0 0 0 0 0 0 0 0 0 0 0 0 0 0 0
9 5 5 6 1 2 5 6 1 2 6 1 2 5 6 1 1 2 6 1 1 2 6 1 3 9 5 6 1 1 1 1 3 7 0 0 0 0 0 0
5 5 6 3 9 6 0 0 0 0 0 0 0 0 0 0 0 0 0 0 0 0 0 0 0 0 0 0 0 0 0 0 0 0 0 0 0 0 0 0
5 6 3 9 6 0 0 0 0 0 0 0 0 0 0 0 0 0 0 0 0 0 0 0 0 0 0 0 0 0 0 0 0 0 0 0 0 0 0 0
9 5 5 6 1 3 9 6 1 2 6 2 5 0 0 0 0 0 0 0 0 0 0 0 0 0 0 0 0 0 0 0 0 0 0 0 0 0 0 0
5 6 3 4 9 8 0 0 0 0 0 0 0 0 0 0 0 0 0 0 0 0 0 0 0 0 0 0 0 0 0 0 0 0 0 0 0 0 0 0
5 6 3 7 0 0 0 0 0 0 0 0 0 0 0 0 0 0 0 0 0 0 0 0 0 0 0 0 0 0 0 0 0 0 0 0 0 0 0 0
5 6 3 7 3 9 5 6 0 0 0 0 0 0 0 0 0 0 0 0 0 0 0 0 0 0 0 0 0 0 0 0 0 0 0 0 0 0 0 0
6 3 0 0 0 0 0 0 0 0 0 0 0 0 0 0 0 0 0 0 0 0 0 0 0 0 0 0 0 0 0 0 0 0 0 0 0 0 0 0
5 5 5 6 3 9 5 6 0 0 0 0 0 0 0 0 0 0 0 0 0 0 0 0 0 0 0 0 0 0 0 0 0 0 0 0 0 0 0 0
6 3 0 0 0 0 0 0 0 0 0 0 0 0 0 0 0 0 0 0 0 0 0 0 0 0 0 0 0 0 0 0 0 0 0 0 0 0 0 0
9 5 5 6 2 5 6 3 7 0 0 0 0 0 0 0 0 0 0 0 0 0 0 0 0 0 0 0 0 0 0 0 0 0 0 0 0 0 0 0
5 0 0 0 0 0 0 0 0 0 0 0 0 0 0 0 0 0 0 0 0 0 0 0 0 0 0 0 0 0 0 0 0 0 0 0 0 0 0 0
5 0 6 3 7 0 0 0 0 0 0 0 0 0 0 0 0 0 0 0 0 0 0 0 0 0 0 0 0 0 0 0 0 0 0 0 0 0 0 0
5 6 3 4 9 8 0 0 0 0 0 0 0 0 0 0 0 0 0 0 0 0 0 0 0 0 0 0 0 0 0 0 0 0 0 0 0 0 0 0
6 3 9 5 5 6 3 9 6 1 2 6 3 9 5 6 3 9 6 1 1 1 0 0 0 0 0 0 0 0 0 0 0 0 0 0 0 0 0 0
5 6 3 7 0 0 0 0 0 0 0 0 0 0 0 0 0 0 0 0 0 0 0 0 0 0 0 0 0 0 0 0 0 0 0 0 0 0 0 0
5 6 3 9 6 3 9 6 3 9 5 6 1 2 5 5 6 3 9 6 3 9 6 3 9 6 2 6 1 2 5 5 0 0 0 0 0 0 0 0
5 5 6 3 9 6 1 2 6 1 3 7 3 0 0 0 0 0 0 0 0 0 0 0 0 0 0 0 0 0 0 0 0 0 0 0 0 0 0 0
5 5 6 3 9 6 3 9 6 1 1 2 6 3 9 6 3 9 5 6 1 3 9 6 1 3 9 5 6 3 7 3 9 6 1 0 0 0 0 0
5 5 6 3 9 5 6 3 9 5 6 1 1 0 0 0 0 0 0 0 0 0 0 0 0 0 0 0 0 0 0 0 0 0 0 0 0 0 0 0
6 3 9 5 5 6 3 9 6 1 2 6 1 1 3 7 2 6 1 3 4 9 8 0 0 0 0 0 0 0 0 0 0 0 0 0 0 0 0 0
5 5 6 3 9 5 6 2 6 1 1 2 5 5 5 6 1 1 1 2 5 6 1 1 2 5 6 1 1 3 4 7 3 9 6 3 9 5 6 1
9 5 6 3 9 5 6 1 2 5 5 6 0 0 0 0 0 0 0 0 0 0 0 0 0 0 0 0 0 0 0 0 0 0 0 0 0 0 0 0
9 5 6 3 9 5 6 1 1 3 7 3 4 9 5 0 0 0 0 0 0 0 0 0 0 0 0 0 0 0 0 0 0 0 0 0 0 0 0 0
0 5 6 3 9 5 6 3 9 6 3 9 6 2 0 6 1 3 9 5 6 1 1 3 4 9 6 3 9 5 6 2 5 0 0 0 0 0 0 0
5 6 3 4 9 8 0 0 0 0 0 0 0 0 0 0 0 0 0 0 0 0 0 0 0 0 0 0 0 0 0 0 0 0 0 0 0 0 0 0
9 5 5 5 6 2 5 6 1 2 6 2 5 6 1 2 5 6 1 1 1 1 0 4 7 3 9 5 6 3 9 6 1 2 6 2 9 5 6 3
5 6 3 9 6 1 3 9 5 6 1 1 2 5 6 1 1 2 5 6 1 1 1 1 3 4 7 3 7 0 0 0 0 0 0 0 0 0 0 0
6 3 0 0 0 0 0 0 0 0 0 0 0 0 0 0 0 0 0 0 0 0 0 0 0 0 0 0 0 0 0 0 0 0 0 0 0 0 0 0
0 6 1 3 7 3 4 9 5 0 0 0 0 0 0 0 0 0 0 0 0 0 0 0 0 0 0 0 0 0 0 0 0 0 0 0 0 0 0 0
5 0 0 0 0 0 0 0 0 0 0 0 0 0 0 0 0 0 0 0 0 0 0 0 0 0 0 0 0 0 0 0 0 0 0 0 0 0 0 0
5 5 5 6 3 9 6 1 2 6 1 1 2 5 6 1 1 1 3 7 3 4 7 5 0 0 0 0 0 0 0 0 0 0 0 0 0 0 0 0
5 6 3 7 3 9 5 6 2 6 3 9 0 0 0 0 0 0 0 0 0 0 0 0 0 0 0 0 0 0 0 0 0 0 0 0 0 0 0 0
5 5 5 6 1 2 5 6 1 2 6 3 7 6 1 3 9 5 6 2 5 6 1 1 1 2 6 1 1 3 4 9 8 0 0 0 0 0 0 0
6 3 0 0 0 0 0 0 0 0 0 0 0 0 0 0 0 0 0 0 0 0 0 0 0 0 0 0 0 0 0 0 0 0 0 0 0 0 0 0
5 5 5 6 1 2 5 5 6 1 2 6 2 5 6 1 6 1 2 6 1 1 1 3 7 2 6 2 5 6 3 9 6 1 1 3 4 9 8 0
5 6 3 9 6 1 1 1 3 2 6 3 9 5 6 3 9 6 3 9 5 6 1 3 9 5 6 1 2 5 6 2 6 1 1 3 0 7 3 7
9 5 5 6 1 3 9 6 1 2 6 1 3 7 3 4 9 5 0 0 0 0 0 0 0 0 0 0 0 0 0 0 0 0 0 0 0 0 0 0
5 6 3 4 9 6 3 9 5 6 2 0 0 0 0 0 0 0 0 0 0 0 0 0 0 0 0 0 0 0 0 0 0 0 0 0 0 0 0 0
5 0 0 0 0 0 0 0 0 0 0 0 0 0 0 0 0 0 0 0 0 0 0 0 0 0 0 0 0 0 0 0 0 0 0 0 0 0 0 0
7 3 9 5 6 2 0 0 0 0 0 0 0 0 0 0 0 0 0 0 0 0 0 0 0 0 0 0 0 0 0 0 0 0 0 0 0 0 0 0
5 6 3 9 6 3 9 5 6 0 0 0 0 0 0 0 0 0 0 0 0 0 0 0 0 0 0 0 0 0 0 0 0 0 0 0 0 0 0 0
9 5 6 2 5 6 1 2 5 5 6 1 1 1 1 2 5 6 1 1 1 2 5 6 2 5 6 1 1 4 7 3 7 1 3 9 6 3 9 6
