pre-training...
epoch:	0	nll:	2.3950834
epoch:	5	nll:	0.61533964
epoch:	10	nll:	0.5676509
epoch:	15	nll:	0.4540775
epoch:	20	nll:	0.38823247
epoch:	25	nll:	0.35302925
epoch:	30	nll:	0.32626298
epoch:	35	nll:	0.29731947
epoch:	40	nll:	0.26495188
epoch:	45	nll:	0.2337771
epoch:	50	nll:	0.20788008
epoch:	55	nll:	0.1883733
epoch:	60	nll:	0.17319
epoch:	65	nll:	0.16082445
epoch:	70	nll:	0.15009108
epoch:	75	nll:	0.14055374
epoch:	80	nll:	0.13185515
epoch:	85	nll:	0.12352141
epoch:	90	nll:	0.11541167
epoch:	95	nll:	0.10780884
epoch:	100	nll:	0.10141729
epoch:	105	nll:	0.0951138
epoch:	110	nll:	0.0904194
epoch:	115	nll:	0.08520669
adversarial training...
epoch:	0	rewards:	[[0.04275907 0.04273071 0.02599997 0.00588149 0.00109952 0.00142845
  0.00172756 0.00169412 0.00176802 0.00176802 0.00166749 0.00176802
  0.00176802 0.00176802 0.00176802 0.00176802 0.00176802 0.00176802]
 [0.04116583 0.09275647 0.04892562 0.06700069 0.06063919 0.06482203
  0.07751442 0.09594175 0.10196804 0.10196804 0.10196804 0.10196804
  0.09696329 0.10196804 0.10196804 0.10196804 0.10196804 0.10196804]
 [0.05527633 0.00267677 0.00397369 0.00389532 0.00388952 0.00337082
  0.00538226 0.00459354 0.00624537 0.00335645 0.00046912 0.00046912
  0.00044962 0.00046912 0.00046912 0.00046912 0.00046912 0.00046912]
 [0.04886163 0.04199365 0.04729205 0.06961604 0.04667615 0.0772715
  0.0771227  0.10196804 0.09721588 0.10196804 0.10196804 0.10196804
  0.10196804 0.10196804 0.10196804 0.10196804 0.09679527 0.10196804]
 [0.03453494 0.03190171 0.0358266  0.03342622 0.03385334 0.07000525
  0.07000525 0.07000525 0.07000525 0.06603122 0.07000525 0.07000525
  0.06610435 0.07000525 0.07000525 0.07000525 0.07000525 0.07000525]]
epoch:	5	rewards:	[[0.0465185  0.09409357 0.13970348 0.07484628 0.10943493 0.19395794
  0.00075599 0.0010303  0.00087407 0.00066462 0.00089239 0.0006299
  0.00063791 0.00063791 0.00063791 0.0006196  0.00063791 0.00063791]
 [0.0745922  0.10115789 0.04034163 0.0925611  0.03780467 0.00284291
  0.00244022 0.00413446 0.0018208  0.00190498 0.00190498 0.00190498
  0.00190498 0.00190498 0.00190498 0.00190498 0.00190498 0.00190498]
 [0.08735684 0.08996183 0.07475576 0.07795192 0.07727963 0.10957327
  0.09521811 0.10340741 0.11635658 0.11031058 0.11635658 0.10992758
  0.11635658 0.11635658 0.11635658 0.11635658 0.11635658 0.11635658]
 [0.13060842 0.05153503 0.08193979 0.05622426 0.14337909 0.11057041
  0.01748438 0.01888517 0.01888517 0.01816989 0.01888517 0.01888517
  0.01888517 0.01888517 0.01888517 0.01888517 0.01787419 0.01888517]
 [0.07701363 0.06304011 0.09939259 0.10100187 0.12266919 0.18013605
  0.19065523 0.19065523 0.17985281 0.19065523 0.19065523 0.19065523
  0.19065523 0.19065523 0.19065523 0.19065523 0.19065523 0.19065523]]
epoch:	10	rewards:	[[0.10494392 0.06515902 0.09355048 0.06672603 0.09620511 0.09620511
  0.09620511 0.09620511 0.09088548 0.09620511 0.09620511 0.09620511
  0.09620511 0.09620511 0.09620511 0.09115413 0.09620511 0.09620511]
 [0.08870768 0.09959281 0.09959281 0.09959281 0.09959281 0.09374347
  0.09959281 0.09959281 0.0935998  0.09959281 0.09959281 0.09959281
  0.09959281 0.09959281 0.09959281 0.09959281 0.09959281 0.09959281]
 [0.04355784 0.07483075 0.07228153 0.10479155 0.01577416 0.01005698
  0.00923326 0.00846099 0.00807809 0.00846099 0.00846099 0.00846099
  0.00846099 0.00846099 0.00846099 0.00846099 0.00846099 0.00846099]
 [0.10591436 0.07214762 0.05688502 0.06848873 0.0859414  0.11710402
  0.11710402 0.11710402 0.11710402 0.11080864 0.11710402 0.11710402
  0.11710402 0.11123627 0.11067033 0.11710402 0.11710402 0.11710402]
 [0.06141161 0.11300938 0.09723157 0.11111096 0.07153715 0.11412711
  0.13494204 0.16407757 0.17453502 0.17453502 0.17453502 0.17453502
  0.17453502 0.17453502 0.17453502 0.17453502 0.17453502 0.17453502]]
epoch:	15	rewards:	[[0.10784268 0.07052329 0.08208274 0.05979221 0.13460577 0.19025391
  0.19025391 0.19025391 0.19025391 0.19025391 0.16971534 0.19025391
  0.19025391 0.19025391 0.19025391 0.19025391 0.19025391 0.19025391]
 [0.06396829 0.08819798 0.0802257  0.1349028  0.1349028  0.1349028
  0.12683569 0.1349028  0.1349028  0.1349028  0.1349028  0.1349028
  0.1268909  0.1349028  0.1349028  0.1349028  0.1349028  0.1349028 ]
 [0.10347641 0.07281927 0.07566423 0.0828732  0.09863352 0.09863352
  0.09863352 0.09863352 0.09863352 0.09863352 0.09863352 0.09863352
  0.09863352 0.08770872 0.09863352 0.09863352 0.09863352 0.09863352]
 [0.17039174 0.09329644 0.16445819 0.3526912  0.52881294 0.59821665
  0.59821665 0.59821665 0.59821665 0.56639737 0.59821665 0.59821665
  0.59821665 0.59821665 0.59821665 0.59821665 0.59821665 0.59821665]
 [0.07437518 0.0571258  0.07915469 0.0384482  0.08328662 0.09863351
  0.09863351 0.09863351 0.09863351 0.09863351 0.09863351 0.09863351
  0.09863351 0.09863351 0.09863351 0.09863351 0.0931372  0.09863351]]
epoch:	19	rewards:	[[0.08125325 0.06413405 0.09993639 0.15214422 0.16156623 0.16156623
  0.16156623 0.16156623 0.16156623 0.15156628 0.16156623 0.16156623
  0.1516815  0.16156623 0.16156623 0.16156623 0.16156623 0.16156623]
 [0.06131297 0.074141   0.00749079 0.00851251 0.00958783 0.00385916
  0.0048167  0.0048167  0.0048167  0.0048167  0.0048167  0.0048167
  0.0048167  0.00457141 0.00457147 0.0048167  0.0048167  0.00111683]
 [0.07127634 0.09407189 0.05440324 0.08557232 0.01032584 0.01094696
  0.01037394 0.01094696 0.01094696 0.0104419  0.01094696 0.01094696
  0.01094696 0.01030653 0.01094696 0.01094696 0.01094696 0.01094696]
 [0.07007306 0.05872717 0.05678101 0.05873412 0.07638483 0.10115686
  0.09952932 0.1056408  0.09985118 0.1056408  0.1056408  0.1056408
  0.1056408  0.1056408  0.1056408  0.1056408  0.09366971 0.1056408 ]
 [0.10130114 0.01633343 0.0281049  0.02981275 0.02981275 0.02981275
  0.02981275 0.02811446 0.02981275 0.02803685 0.02981275 0.02981275
  0.02981275 0.02981275 0.02981275 0.02981275 0.02981275 0.02981275]]
