pre-training...
epoch:	0	nll:	2.2607832
epoch:	5	nll:	1.0416487
epoch:	10	nll:	0.42222446
epoch:	15	nll:	0.49353564
epoch:	20	nll:	0.42877033
epoch:	25	nll:	0.31241867
epoch:	30	nll:	0.33210167
epoch:	35	nll:	0.29566595
epoch:	40	nll:	0.26769614
epoch:	45	nll:	0.26400635
epoch:	50	nll:	0.25036687
epoch:	55	nll:	0.24322459
epoch:	60	nll:	0.23410204
epoch:	65	nll:	0.22416458
epoch:	70	nll:	0.21517727
epoch:	75	nll:	0.20528434
epoch:	80	nll:	0.19431965
epoch:	85	nll:	0.18234375
epoch:	90	nll:	0.16987728
epoch:	95	nll:	0.15782546
epoch:	100	nll:	0.14656845
epoch:	105	nll:	0.13643639
epoch:	110	nll:	0.12728898
epoch:	115	nll:	0.11883798
adversarial training...
epoch:	0	rewards:	[[6.0875933e-03 7.4051390e-03 7.4051390e-03 7.4051390e-03 7.4051390e-03
  7.4051390e-03 7.4051390e-03 7.4051390e-03 6.5301806e-03 7.4051390e-03
  6.5275971e-03 6.9596637e-03 7.4051390e-03 7.4051390e-03 7.4051390e-03
  6.9607752e-03 7.4051390e-03 7.4051390e-03]
 [6.4230850e-03 7.2274655e-03 7.2274655e-03 6.7961551e-03 7.2274655e-03
  6.8093222e-03 7.2274655e-03 6.8128351e-03 6.8117436e-03 7.2274655e-03
  6.9531323e-03 7.2274655e-03 7.2274655e-03 6.9083502e-03 6.8163527e-03
  7.2274655e-03 7.2274655e-03 7.2274655e-03]
 [1.2697694e-01 1.4504035e-01 1.5465781e-01 1.5465781e-01 1.5465781e-01
  1.3796145e-01 1.5465781e-01 1.5465781e-01 1.5465781e-01 1.4503840e-01
  1.5465781e-01 1.5465781e-01 1.5465781e-01 1.5465781e-01 1.5465781e-01
  1.4503507e-01 1.5465781e-01 1.5465781e-01]
 [5.0442456e-03 6.3145824e-04 8.0524286e-04 1.5225857e-03 6.7917818e-01
  8.3134657e-01 7.1644270e-01 7.9019493e-01 8.3134657e-01 8.3134657e-01
  8.3134657e-01 8.3134657e-01 7.8990275e-01 8.3134657e-01 8.3134657e-01
  8.3134657e-01 7.9926085e-01 8.3134657e-01]
 [6.1092894e-03 7.2274655e-03 7.2274655e-03 7.2274655e-03 6.9240429e-03
  6.6367649e-03 7.2274655e-03 7.2274655e-03 6.8094302e-03 7.2274655e-03
  7.2274655e-03 6.8063582e-03 7.2274655e-03 7.2274655e-03 7.2274655e-03
  7.2274655e-03 7.2274655e-03 7.2274655e-03]]
epoch:	5	rewards:	[[7.1944012e-03 1.7631521e-03 1.6404820e-03 1.6872804e-03 1.7631521e-03
  1.6994154e-03 1.7631521e-03 1.7631521e-03 1.7023110e-03 1.7631521e-03
  1.7129945e-03 1.7631521e-03 1.7631521e-03 1.7631521e-03 1.6957830e-03
  1.7631521e-03 1.7631521e-03 1.7631521e-03]
 [5.2198544e-03 7.9702940e-03 7.9702940e-03 7.9702940e-03 7.9702940e-03
  7.5505101e-03 7.9702940e-03 7.5250715e-03 7.9702940e-03 7.9702940e-03
  7.9702940e-03 7.9702940e-03 7.9702940e-03 7.9702940e-03 7.5298753e-03
  7.9702940e-03 7.9702940e-03 7.9702940e-03]
 [3.2914251e-02 2.6006331e-03 6.0850568e-02 4.6580401e-03 4.4617373e-03
  4.6476265e-03 4.4044871e-03 4.6476265e-03 4.3975292e-03 4.3970644e-03
  4.3973438e-03 4.4189012e-03 4.6476265e-03 4.6476265e-03 4.6476265e-03
  4.6476265e-03 4.4187033e-03 4.6476265e-03]
 [1.9588500e-02 7.2826589e-03 2.7200489e-03 1.2100022e-03 1.2265464e-03
  1.4621477e-03 1.4698521e-03 1.5150891e-03 8.6257111e-05 7.7981895e-05
  7.7981895e-05 7.7981895e-05 7.7981895e-05 7.5660253e-05 7.5645585e-05
  7.7981895e-05 7.7981895e-05 7.7981895e-05]
 [3.4969557e-02 4.5996808e-02 4.5997147e-02 4.9012419e-02 4.6210688e-02
  4.6039172e-02 4.9012419e-02 4.9012419e-02 4.9012419e-02 4.9012419e-02
  4.9012419e-02 4.6052098e-02 4.9012419e-02 4.6002310e-02 4.9012419e-02
  4.6002310e-02 4.9012419e-02 4.9012419e-02]]
epoch:	10	rewards:	[[3.0651737e-02 1.5502627e-02 1.8894156e-02 1.7724752e-02 1.8894156e-02
  1.7770866e-02 1.8894156e-02 1.7732007e-02 1.8894156e-02 1.7722476e-02
  1.8894156e-02 1.8894156e-02 1.8894156e-02 1.8894156e-02 1.7734002e-02
  1.7736411e-02 1.7722221e-02 1.8894156e-02]
 [2.7536621e-02 9.4420955e-02 4.8072864e-03 5.1344731e-03 5.4677180e-03
  5.4677180e-03 5.1360442e-03 5.4677180e-03 5.1340084e-03 5.1338314e-03
  5.1733516e-03 5.1734699e-03 5.4677180e-03 5.1339194e-03 5.4677180e-03
  5.4677180e-03 5.4677180e-03 5.4677180e-03]
 [7.9250991e-02 1.3968105e-04 8.9335931e-04 2.7417097e-02 1.3043483e-04
  1.3854749e-04 1.4960716e-04 1.4960716e-04 1.4960716e-04 1.4960716e-04
  1.4960716e-04 1.4221773e-04 1.4960716e-04 1.4960716e-04 1.4960716e-04
  1.4960716e-04 1.4194218e-04 1.4960716e-04]
 [4.4489663e-02 2.2614573e-04 6.2980707e-04 2.6888397e-02 2.7093515e-02
  2.8764835e-04 5.9826707e-05 6.5007524e-05 1.5391022e-05 1.8968305e-05
  1.9877563e-05 1.9877563e-05 1.9877563e-05 1.9877563e-05 1.9877563e-05
  1.9877563e-05 1.9877563e-05 1.9877563e-05]
 [3.0855238e-02 5.6141987e-02 5.2643463e-02 5.6141987e-02 5.2643403e-02
  2.7063259e-04 2.7063259e-04 2.7063259e-04 2.7063259e-04 2.7063259e-04
  2.6487454e-04 2.7063259e-04 2.7063259e-04 2.7063259e-04 2.7063259e-04
  2.7063259e-04 2.7063259e-04 2.7063259e-04]]
epoch:	15	rewards:	[[0.02332848 0.00034508 0.00035055 0.00035081 0.00037374 0.00037374
  0.00032775 0.00037374 0.00037374 0.00035075 0.00037374 0.00037374
  0.00035074 0.00032781 0.00037374 0.00037374 0.00037374 0.00037374]
 [0.01827159 0.03180972 0.03198622 0.03392733 0.03392733 0.03180822
  0.03392733 0.03392733 0.03180799 0.03181057 0.03392733 0.0318079
  0.03392733 0.03392733 0.03392733 0.03180792 0.03180789 0.03392733]
 [0.01326488 0.00030802 0.00069271 0.0001587  0.00067715 0.00076895
  0.00072126 0.00076895 0.00076895 0.00072295 0.00072216 0.00076895
  0.00072126 0.00076895 0.00076895 0.00072199 0.00076895 0.00076895]
 [0.0186727  0.03392733 0.03392733 0.03392733 0.03392733 0.03392733
  0.03180789 0.03392733 0.03181012 0.03392733 0.03392733 0.03181035
  0.03180795 0.03180789 0.03392733 0.03392733 0.0318079  0.03392733]
 [0.00332155 0.00330699 0.00330705 0.00377596 0.00377596 0.00377596
  0.00377596 0.00354096 0.00377596 0.00377596 0.003308   0.00377596
  0.00377596 0.00377596 0.00354099 0.00377596 0.00377596 0.00377596]]
epoch:	19	rewards:	[[4.2067520e-02 1.3002542e-04 2.4172368e-04 3.9382625e-02 4.8070625e-04
  4.8044859e-04 5.1193673e-04 5.1193673e-04 5.1193673e-04 5.1193673e-04
  5.1193673e-04 5.1193673e-04 5.1193673e-04 4.8080352e-04 5.1193673e-04
  5.1193673e-04 4.8044859e-04 5.1193673e-04]
 [1.9446362e-02 9.4460294e-05 9.3277622e-06 2.4144185e-06 4.6521109e-07
  1.6211665e-06 4.8327354e-07 4.5918006e-07 4.8327354e-07 4.4180510e-07
  4.8327354e-07 4.5981810e-07 4.8327354e-07 4.8327354e-07 4.6608022e-07
  4.6327909e-07 4.8327354e-07 4.8327354e-07]
 [2.1045461e-02 3.5419274e-04 3.1034481e-03 3.3402718e-03 3.5758335e-03
  3.8134640e-03 3.8134640e-03 3.8134640e-03 3.8134640e-03 3.5871603e-03
  3.8134640e-03 3.8134640e-03 3.8134640e-03 3.8134640e-03 3.8134640e-03
  3.5757299e-03 3.5760212e-03 3.8134640e-03]
 [4.3266602e-03 6.1569335e-03 5.7736468e-03 6.1569335e-03 5.7736468e-03
  6.1569335e-03 6.1569335e-03 6.1569335e-03 6.1569335e-03 6.1569335e-03
  5.7734288e-03 5.7816254e-03 6.1569335e-03 6.1569335e-03 5.3900173e-03
  6.1569335e-03 6.1569335e-03 6.1569335e-03]
 [1.7302021e-02 5.7259113e-02 1.8084783e-03 1.9437573e-03 2.2186595e-03
  2.2186595e-03 2.2186595e-03 2.2186595e-03 2.0806466e-03 2.0819202e-03
  2.0828906e-03 2.0817292e-03 2.0808980e-03 2.0805693e-03 2.0808403e-03
  2.2186595e-03 1.9458464e-03 2.2186595e-03]]
