pre-training...
epoch:	0	nll:	2.0690942
epoch:	5	nll:	0.75354993
epoch:	10	nll:	0.58918107
epoch:	15	nll:	0.4840356
epoch:	20	nll:	0.4390548
epoch:	25	nll:	0.396114
epoch:	30	nll:	0.36185065
epoch:	35	nll:	0.32779765
epoch:	40	nll:	0.2962597
epoch:	45	nll:	0.2687942
epoch:	50	nll:	0.24885504
epoch:	55	nll:	0.2354753
epoch:	60	nll:	0.22458899
epoch:	65	nll:	0.21332583
epoch:	70	nll:	0.20031655
epoch:	75	nll:	0.1866204
epoch:	80	nll:	0.17345814
epoch:	85	nll:	0.16054699
epoch:	90	nll:	0.14817333
epoch:	95	nll:	0.13624732
epoch:	100	nll:	0.13041243
epoch:	105	nll:	0.11996432
epoch:	110	nll:	0.106874034
epoch:	115	nll:	0.12971623
adversarial training...
epoch:	0	rewards:	[[0.03154731 0.0221436  0.08796965 0.08908527 0.00130724 0.00130724
  0.00130724 0.00130724 0.00130724 0.00130724 0.00130724 0.00130724
  0.00130724 0.00130724 0.00130724 0.00130724 0.00130724 0.00130724]
 [0.0397218  0.02956215 0.06478029 0.00907829 0.01460455 0.00447015
  0.00610672 0.00019337 0.00022856 0.00033733 0.00071512 0.00074545
  0.00070797 0.00074545 0.00074545 0.00074545 0.00074545 0.00074545]
 [0.03740739 0.03178556 0.01059935 0.03859825 0.03499499 0.01853837
  0.01296521 0.01525096 0.00138168 0.00138168 0.00138168 0.00138168
  0.00138168 0.00138168 0.00138168 0.00138168 0.00138168 0.00138168]
 [0.01365056 0.01429493 0.01182015 0.02968105 0.02171158 0.01460407
  0.01821391 0.02111007 0.02626853 0.02679698 0.02944958 0.0352308
  0.04613685 0.04613685 0.04613685 0.04613685 0.04613685 0.04613685]
 [0.09366199 0.03912977 0.0166546  0.04477693 0.03054773 0.01857422
  0.01570444 0.0239375  0.03225329 0.02917828 0.03235929 0.03201019
  0.00093152 0.00093152 0.00093152 0.00093152 0.00093152 0.00093152]]
epoch:	5	rewards:	[[0.02187588 0.00955252 0.03704197 0.03885674 0.07130848 0.05656589
  0.05138732 0.03292012 0.06292646 0.0741744  0.07389308 0.09727966
  0.09727966 0.09727966 0.09727966 0.09727966 0.09727966 0.09727966]
 [0.00382898 0.18430121 0.04251243 0.0758358  0.1456313  0.3250536
  0.39361137 0.0112462  0.01331339 0.01264935 0.01331339 0.01331339
  0.01331339 0.01331339 0.01263446 0.01331339 0.01331339 0.01331339]
 [0.07018369 0.04344528 0.0761962  0.00336314 0.00100292 0.00098661
  0.00098661 0.00096254 0.0009498  0.0009498  0.0009498  0.0009498
  0.0009498  0.0009498  0.0009498  0.0009498  0.0009498  0.0009498 ]
 [0.04678127 0.07998758 0.01647007 0.05579296 0.03521689 0.02717875
  0.02722454 0.0387794  0.06769331 0.06877863 0.06865254 0.09139785
  0.09727966 0.09727966 0.09727966 0.09727966 0.09727966 0.09727966]
 [0.04071194 0.09076901 0.09391904 0.03670724 0.00573127 0.00697218
  0.00241828 0.00207812 0.00367102 0.00417103 0.00393287 0.00417103
  0.00417103 0.00417103 0.00417103 0.00417103 0.00417103 0.00417103]]
epoch:	10	rewards:	[[0.07278411 0.05422956 0.08828694 0.10199488 0.1072434  0.03584576
  0.02893483 0.03566091 0.04621002 0.04932368 0.0357122  0.05305786
  0.06426042 0.06426042 0.06426042 0.06426042 0.06426042 0.06426042]
 [0.04636982 0.08375584 0.13586394 0.0354756  0.08318514 0.00552937
  0.00671888 0.00589987 0.00456479 0.00479309 0.00479309 0.00479309
  0.00479309 0.00479309 0.00479309 0.00479309 0.00479309 0.00479309]
 [0.04155944 0.10675313 0.07874683 0.07820034 0.05312921 0.02560186
  0.02523866 0.04695584 0.04678692 0.0534623  0.05103664 0.00737365
  0.00774893 0.00774893 0.00774893 0.00774893 0.00774893 0.00774893]
 [0.06363305 0.15086266 0.06177527 0.06916322 0.08883063 0.31286752
  0.33177096 0.33177096 0.33177096 0.33177096 0.33177096 0.33177096
  0.31350172 0.33177096 0.31312057 0.33177096 0.33177096 0.33177096]
 [0.05126308 0.10587892 0.03501006 0.06905562 0.01629289 0.00284864
  0.00479847 0.05192566 0.009554   0.00589818 0.00977537 0.00641077
  0.00984248 0.00231148 0.00188552 0.00204412 0.00207513 0.00088413]]
epoch:	15	rewards:	[[0.06022383 0.0746158  0.09053657 0.00943203 0.06917983 0.00226531
  0.06465473 0.00293726 0.00619425 0.00519463 0.00590033 0.0167465
  0.02234686 0.02234686 0.02117643 0.02234686 0.02234686 0.02234686]
 [0.12554507 0.08126365 0.04884808 0.09017931 0.09272877 0.00770059
  0.00663927 0.00765235 0.00962367 0.0085693  0.01009597 0.00389615
  0.00389615 0.00389615 0.00389615 0.00389615 0.00389615 0.00389615]
 [0.13991003 0.13016123 0.11024501 0.11671735 0.11671735 0.11671735
  0.11671735 0.11671735 0.10981046 0.11671735 0.11671735 0.11671735
  0.11671735 0.11671735 0.11671735 0.11671735 0.11671735 0.11671735]
 [0.07605429 0.12257783 0.00974538 0.00649248 0.02663762 0.0046205
  0.00688498 0.00380697 0.00506658 0.00074887 0.00304144 0.00130495
  0.00126839 0.00123461 0.0010804  0.0010804  0.0010804  0.0010804 ]
 [0.03423161 0.18358228 0.07391926 0.05111215 0.09200978 0.24336873
  0.26095295 0.34453103 0.34453103 0.34453103 0.34453103 0.34453103
  0.34453103 0.34453103 0.34453103 0.34453103 0.34453103 0.34453103]]
epoch:	19	rewards:	[[4.5946732e-02 6.6951498e-02 7.4200042e-02 3.7746893e-03 8.3511241e-02
  3.9874364e-02 1.3333605e-01 2.6055259e-01 2.8963219e-03 4.0830630e-03
  5.1717977e-03 9.7583013e-04 6.6026824e-04 2.1405108e-04 8.7671244e-05
  1.1640639e-04 1.6637749e-04 1.6637749e-04]
 [4.9881268e-02 4.4698581e-02 1.1606806e-01 5.7712598e-03 5.1599536e-03
  4.8693577e-03 2.9631893e-03 1.1955360e-03 2.0894369e-03 2.0013778e-03
  2.4211649e-03 6.9322559e-04 1.6512981e-03 1.6512981e-03 1.6512981e-03
  1.6512981e-03 1.6512981e-03 1.6512981e-03]
 [3.0381083e-02 4.9590871e-02 8.6371094e-02 2.2358888e-01 2.3823079e-01
  1.8182014e-01 2.0893936e-01 2.2460984e-01 2.1649798e-02 1.8609790e-02
  1.8609790e-02 1.8609790e-02 1.8609790e-02 1.8609790e-02 1.8609790e-02
  1.8609790e-02 1.8609790e-02 1.8609790e-02]
 [9.3967922e-02 2.9714005e-02 3.9112471e-02 6.5272674e-03 7.0574291e-02
  1.8656994e-03 4.2639598e-03 1.9789943e-03 1.1416576e-03 6.6131714e-04
  7.5576664e-04 2.2072813e-03 2.2145142e-03 2.2145142e-03 2.2145142e-03
  2.2145142e-03 2.2145142e-03 2.2145142e-03]
 [5.4511465e-02 2.8759323e-02 1.2338667e-01 1.2636402e-01 9.9482179e-02
  7.4146226e-02 8.9250907e-02 1.6356856e-01 1.9673750e-01 2.0968999e-01
  1.9478314e-01 2.4015853e-01 2.5534895e-01 2.5534895e-01 2.5534895e-01
  2.5534895e-01 2.5534895e-01 2.5534895e-01]]
