pre-training...
epoch:	0	nll:	1.3278306
epoch:	5	nll:	0.4051726
epoch:	10	nll:	0.3480997
epoch:	15	nll:	0.30650064
epoch:	20	nll:	0.2805568
epoch:	25	nll:	0.26419976
epoch:	30	nll:	0.25094417
epoch:	35	nll:	0.24057177
epoch:	40	nll:	0.23197362
epoch:	45	nll:	0.22337422
epoch:	50	nll:	0.21420471
epoch:	55	nll:	0.20430928
epoch:	60	nll:	0.19405779
epoch:	65	nll:	0.18360937
epoch:	70	nll:	0.1713463
epoch:	75	nll:	0.15900683
epoch:	80	nll:	0.1584503
epoch:	85	nll:	0.14985242
epoch:	90	nll:	0.13632232
epoch:	95	nll:	0.12600043
epoch:	100	nll:	0.11987381
epoch:	105	nll:	0.11513587
epoch:	110	nll:	0.105297625
epoch:	115	nll:	0.094449565
adversarial training...
epoch:	0	rewards:	[[5.2785516e-02 4.7000334e-02 2.4200363e-02 1.7261766e-02 2.2834016e-02
  1.8224966e-02 2.9562286e-03 7.5766869e-04 4.9483223e-04 8.9870457e-04
  8.1550580e-04 7.0927214e-05 7.2543124e-05 8.3233332e-05 8.3772233e-05
  8.7269145e-05 5.3406646e-05 5.4457214e-05]
 [6.9939159e-02 5.9261747e-02 5.3181954e-02 3.6730539e-02 2.2477131e-02
  1.9580781e-02 2.3613140e-02 4.6131734e-02 6.2989220e-02 8.5540235e-02
  9.0860762e-02 9.0860762e-02 9.0860762e-02 9.0860762e-02 9.0860762e-02
  9.0860762e-02 9.0860762e-02 9.0860762e-02]
 [4.8147526e-02 3.6350965e-02 6.2576041e-02 1.9838268e-02 2.8547851e-02
  2.4537992e-02 1.8233025e-02 3.5004791e-02 9.1355923e-04 1.3987736e-03
  1.3987736e-03 1.3987736e-03 1.3987736e-03 1.3364217e-03 1.3987736e-03
  1.3987736e-03 1.3987736e-03 1.3987736e-03]
 [5.0848316e-02 4.3446485e-02 3.1059291e-02 6.0321712e-03 1.2170673e-02
  1.2170673e-02 1.2170673e-02 1.2170673e-02 1.2170673e-02 1.2170673e-02
  1.2170673e-02 1.2170673e-02 1.2170673e-02 1.2170673e-02 1.2170673e-02
  1.2170673e-02 1.2170673e-02 1.2170673e-02]
 [9.5263295e-02 3.6335506e-02 1.3835555e-02 3.4815732e-02 2.9246576e-02
  1.9794190e-02 1.0902652e-03 1.1377455e-03 1.0436922e-03 1.1938917e-03
  1.2667465e-03 1.2667465e-03 1.2667465e-03 1.2667465e-03 1.2667465e-03
  1.2667465e-03 1.2667465e-03 1.2667465e-03]]
epoch:	5	rewards:	[[0.06566495 0.06753349 0.06989871 0.06654309 0.05210761 0.00507365
  0.00522776 0.00502345 0.00545067 0.00545067 0.00545067 0.00545067
  0.00545067 0.00545067 0.00545067 0.00545067 0.00545067 0.00545067]
 [0.07198332 0.08440986 0.10446002 0.14157869 0.08931768 0.16971257
  0.18332745 0.23446026 0.24817489 0.24817489 0.24817489 0.24817489
  0.24817489 0.24817489 0.24817489 0.24817489 0.24817489 0.24817489]
 [0.07936917 0.1257926  0.10393234 0.11934107 0.10872465 0.11526041
  0.16714273 0.19333224 0.24817489 0.24817489 0.24817489 0.24817489
  0.24817489 0.24817489 0.24817489 0.24817489 0.24817489 0.24817489]
 [0.06326761 0.0545768  0.06353401 0.06508358 0.11698896 0.05113109
  0.06049371 0.0750645  0.12287199 0.11205767 0.11731093 0.12287199
  0.01566704 0.01592303 0.01592303 0.01592303 0.01592303 0.01592303]
 [0.04556146 0.06698614 0.05145645 0.06643604 0.03079128 0.02950125
  0.02661609 0.0501177  0.09551959 0.1258763  0.1258763  0.1258763
  0.1258763  0.1258763  0.1258763  0.1258763  0.1258763  0.1258763 ]]
epoch:	10	rewards:	[[0.05561107 0.02321895 0.04570559 0.06802798 0.09922312 0.00622311
  0.00485727 0.00508315 0.005414   0.005414   0.005414   0.005414
  0.005414   0.005414   0.005414   0.005414   0.005414   0.005414  ]
 [0.06919553 0.03481111 0.03322695 0.11226821 0.07728452 0.16224562
  0.12416057 0.00373074 0.00256992 0.00186001 0.00181114 0.00176494
  0.00176494 0.00176494 0.00176494 0.00176494 0.00176494 0.00176494]
 [0.08415045 0.12932158 0.10702679 0.00744884 0.02760549 0.00612546
  0.00524722 0.00505046 0.00164984 0.00162656 0.00162656 0.00162656
  0.00162656 0.00162656 0.00162656 0.00162656 0.00162656 0.00162656]
 [0.11317135 0.07532682 0.0435272  0.03285451 0.07497443 0.08807026
  0.10944036 0.11612019 0.11612019 0.10942828 0.11612019 0.11612019
  0.11612019 0.11612019 0.11612019 0.11612019 0.11612019 0.11612019]
 [0.04329291 0.04854862 0.03783195 0.0478784  0.05339002 0.12530366
  0.114949   0.00513888 0.0038824  0.00382291 0.00379651 0.00387651
  0.00388604 0.00379651 0.00387651 0.00387651 0.00387651 0.00387651]]
epoch:	15	rewards:	[[0.08502077 0.08473505 0.06153929 0.06812274 0.00260055 0.0028506
  0.00375073 0.00132647 0.00126628 0.00144526 0.00144526 0.00144526
  0.00144526 0.00144526 0.00144526 0.00144526 0.00144526 0.00144526]
 [0.1080334  0.09698161 0.09477267 0.05403569 0.05894906 0.21631387
  0.24519138 0.24519138 0.24519138 0.24519138 0.24519138 0.24519138
  0.24519138 0.24519138 0.24519138 0.24519138 0.24519138 0.24519138]
 [0.14811215 0.10818455 0.04599743 0.07720173 0.00353644 0.00223615
  0.00328565 0.00677736 0.00845396 0.01005753 0.01005753 0.01005753
  0.01005753 0.01005753 0.01005753 0.01005753 0.01005753 0.01005753]
 [0.0996953  0.11772805 0.06190609 0.09400552 0.03725607 0.14920284
  0.12404241 0.00828723 0.00389885 0.00366074 0.0039904  0.0039904
  0.0039904  0.0039904  0.0039904  0.0039904  0.0039904  0.0039904 ]
 [0.03454598 0.12411041 0.09227909 0.09576669 0.11045493 0.00444299
  0.00490816 0.00441816 0.00500491 0.00500491 0.00500491 0.00500491
  0.00491306 0.00500491 0.00500491 0.00500491 0.00500491 0.00500491]]
epoch:	20	rewards:	[[0.08290752 0.08715852 0.12828237 0.10974931 0.16691951 0.2068876
  0.02074642 0.02169211 0.02169211 0.02169211 0.02169211 0.02169211
  0.02169211 0.02071052 0.02169211 0.02169211 0.02169211 0.02169211]
 [0.06586625 0.15363382 0.09470288 0.1695168  0.12409322 0.17240694
  0.215918   0.26215884 0.29319766 0.29319766 0.29319766 0.29319766
  0.29319766 0.29319766 0.29319766 0.29319766 0.29319766 0.29319766]
 [0.10897633 0.11392151 0.15765178 0.09164878 0.19240728 0.13570729
  0.23292641 0.2756931  0.29319766 0.29319766 0.29319766 0.29319766
  0.29319766 0.29319766 0.29319766 0.29319766 0.29319766 0.29319766]
 [0.04467278 0.12708245 0.08433659 0.16231175 0.1591717  0.15779096
  0.14458135 0.24771738 0.31434083 0.31079486 0.32486835 0.32388765
  0.3097437  0.342096   0.35827214 0.35827214 0.35827214 0.35827214]
 [0.0873512  0.12382439 0.11871909 0.16713765 0.14389645 0.19625615
  0.09390903 0.25670624 0.28586656 0.2829775  0.3420961  0.35827222
  0.32591996 0.35827222 0.35827222 0.35827222 0.35827222 0.35827222]]
epoch:	25	rewards:	[[7.3716611e-02 9.2493571e-02 1.1645603e-01 1.6295151e-01 7.4093409e-02
  1.2217750e-01 1.9432197e-03 2.3412292e-03 2.3412292e-03 2.3412292e-03
  2.3412292e-03 2.3412292e-03 2.3412292e-03 2.3412292e-03 2.3412292e-03
  2.3412292e-03 2.3412292e-03 2.3412292e-03]
 [1.1657086e-01 7.7867270e-02 7.1311153e-02 6.0833901e-02 4.6571847e-02
  4.0745959e-04 4.7265881e-04 4.7439517e-04 5.0087931e-04 4.7292188e-04
  5.0087931e-04 5.0087931e-04 5.0087931e-04 5.0087931e-04 5.0087931e-04
  5.0087931e-04 5.0087931e-04 5.0087931e-04]
 [6.9176562e-02 1.4506863e-01 9.3177848e-02 1.3373460e-01 2.0128736e-02
  7.4141781e-04 3.9607805e-04 4.2402663e-04 5.0087931e-04 5.0087931e-04
  5.0087931e-04 5.0087931e-04 5.0087931e-04 5.0087931e-04 4.7235243e-04
  5.0087931e-04 5.0087931e-04 5.0087931e-04]
 [4.8081316e-02 1.3654697e-01 6.6704996e-02 4.8783841e-03 4.2204522e-03
  1.4930837e-02 1.5897486e-02 1.5897486e-02 1.5897486e-02 1.5897486e-02
  1.5897486e-02 1.5897486e-02 1.5897486e-02 1.5897486e-02 1.5897486e-02
  1.5897486e-02 1.5897486e-02 1.5897486e-02]
 [8.3260752e-02 1.3812910e-01 9.0757847e-02 5.1123127e-02 1.3395782e-01
  9.5929578e-02 7.9921976e-04 3.6758673e-04 2.5791329e-04 2.3034702e-04
  2.0763802e-04 7.9630307e-05 7.9630307e-05 7.9630307e-05 7.9630307e-05
  7.9630307e-05 7.9630307e-05 7.9630307e-05]]
epoch:	30	rewards:	[[0.13648774 0.09419066 0.12293581 0.14634833 0.08464283 0.19424215
  0.19598542 0.19622047 0.24325511 0.38598835 0.38598835 0.38202003
  0.38598835 0.38598835 0.38598835 0.38598835 0.38598835 0.38598835]
 [0.11731178 0.16771515 0.15381716 0.12077139 0.10320175 0.00316947
  0.00316947 0.00316947 0.00316947 0.00316947 0.00316947 0.00316947
  0.00316947 0.00316947 0.00316947 0.00316947 0.00316947 0.00316947]
 [0.06194047 0.11301077 0.1628755  0.04227745 0.16109645 0.3191816
  0.3191816  0.3191816  0.3191816  0.3191816  0.3191816  0.3191816
  0.3191816  0.3191816  0.3191816  0.3191816  0.3191816  0.3191816 ]
 [0.10686143 0.1132803  0.03411081 0.00464308 0.00359589 0.01008753
  0.01070283 0.01070283 0.01070283 0.01070283 0.01070283 0.01070283
  0.01070283 0.01004949 0.01070283 0.01070283 0.01070283 0.01070283]
 [0.10499404 0.06313051 0.10630668 0.11075824 0.00929837 0.01030147
  0.01030147 0.01030147 0.01030147 0.01030147 0.01030147 0.01030147
  0.01030147 0.01030147 0.01030147 0.01030147 0.01030147 0.01030147]]
epoch:	35	rewards:	[[9.01178718e-02 4.58795018e-02 5.68075776e-02 1.02054529e-01
  4.98091755e-03 1.18920463e-03 1.10398117e-03 4.06506378e-03
  3.23361717e-03 3.14048049e-03 3.15970555e-03 3.87193100e-03
  3.90670216e-03 3.15970602e-03 3.10805452e-04 3.10805452e-04
  3.10805452e-04 3.10805452e-04]
 [7.96089247e-02 1.24006376e-01 6.45519048e-02 1.52964965e-01
  1.12269580e-01 8.19300190e-02 1.22298174e-01 1.83754444e-01
  2.03925624e-01 1.71373948e-03 2.34889961e-03 2.33915332e-03
  2.58745463e-03 2.75015854e-03 2.75015854e-03 2.75015854e-03
  2.75015854e-03 2.75015854e-03]
 [1.05127834e-01 9.64352414e-02 9.72242802e-02 2.29491945e-03
  4.35019704e-03 3.81421484e-03 1.77716743e-03 2.26424914e-03
  3.39781889e-03 3.61214182e-03 3.61214182e-03 3.61214182e-03
  3.61214182e-03 3.61214182e-03 3.61214182e-03 3.61214182e-03
  3.39150103e-03 3.61214182e-03]
 [1.88021641e-02 7.42965788e-02 5.88756613e-02 1.00062609e-01
  1.55577511e-01 8.30348954e-02 2.38783300e-01 1.39015945e-04
  1.03545906e-04 4.89064187e-05 5.47331001e-04 6.27533300e-05
  9.65726213e-05 1.07612228e-04 1.09606779e-04 1.09606779e-04
  1.09606779e-04 1.09606779e-04]
 [1.13135114e-01 4.77674790e-02 4.15175036e-02 1.08613908e-01
  7.16049150e-02 1.04275048e-01 1.09020352e-01 1.95816934e-01
  2.29144141e-01 2.69619823e-01 2.98771560e-01 2.93497473e-01
  3.29150707e-01 3.10458034e-01 3.29150707e-01 3.29150707e-01
  3.14027667e-01 3.29150707e-01]]
epoch:	40	rewards:	[[7.8144670e-02 6.0425714e-02 7.6072961e-02 7.5774312e-02 2.3210156e-03
  1.4030305e-03 1.2997745e-03 1.2997745e-03 1.2997745e-03 1.2997745e-03
  1.2997745e-03 1.2997745e-03 1.2997745e-03 1.2997745e-03 1.2997745e-03
  1.2997745e-03 1.2997745e-03 1.2997745e-03]
 [8.0841199e-02 6.9818154e-02 7.1913630e-02 4.0206376e-02 9.3668289e-02
  1.0979191e-03 3.1778598e-04 3.4360893e-04 9.5225532e-06 9.5225532e-06
  9.5225532e-06 9.5225532e-06 9.5225532e-06 9.5225532e-06 9.5225532e-06
  9.5225532e-06 9.5225532e-06 9.5225532e-06]
 [9.0181582e-02 7.4971966e-02 4.9528908e-02 5.8709659e-02 5.4837979e-02
  6.0224053e-02 7.4978612e-02 3.3927547e-05 2.1603446e-05 4.5622295e-05
  3.4206438e-05 2.1856380e-05 4.8754714e-06 4.8754714e-06 4.8754714e-06
  4.8754714e-06 4.8754714e-06 4.8754714e-06]
 [8.5364975e-02 8.5607983e-02 6.7578599e-02 1.3155426e-01 1.1884533e-01
  8.0890462e-02 1.0680935e-01 3.7066944e-05 1.4183553e-05 1.4853503e-05
  1.4853503e-05 1.4853503e-05 1.4853503e-05 1.4853503e-05 1.4853503e-05
  1.4853503e-05 1.4853503e-05 1.4853503e-05]
 [5.5205349e-02 7.1668260e-02 6.2785007e-02 6.1377469e-02 3.4859898e-03
  1.2476501e-03 7.7070238e-04 1.3878788e-03 1.0517288e-03 2.0549058e-03
  1.0547207e-03 7.2126195e-04 8.3563873e-06 9.1225211e-06 9.6724161e-06
  9.6724161e-06 9.6724161e-06 9.6724161e-06]]
epoch:	45	rewards:	[[4.8998445e-02 6.0123917e-02 7.5714998e-02 4.7026365e-03 3.2492485e-02
  3.2492485e-02 3.2492485e-02 3.0464446e-02 3.2492485e-02 3.2492485e-02
  3.2492485e-02 3.2492485e-02 3.2492485e-02 3.2492485e-02 3.2492485e-02
  3.2492485e-02 3.0463183e-02 3.2492485e-02]
 [3.4799743e-02 8.0863111e-02 4.2671565e-02 1.5359436e-02 8.3868787e-02
  1.1370085e-04 9.8068696e-05 1.0715956e-04 1.5491781e-04 1.5491781e-04
  1.5491781e-04 1.5491781e-04 1.5491781e-04 1.5491781e-04 1.5491781e-04
  1.5491781e-04 1.5491781e-04 1.5491781e-04]
 [5.1597703e-02 4.2219117e-02 3.4892939e-02 7.6764792e-02 8.7894633e-02
  6.6172622e-02 2.2881795e-04 2.9620691e-04 2.9620691e-04 2.9620691e-04
  2.9620691e-04 2.9620691e-04 2.9620691e-04 2.9620691e-04 2.9620691e-04
  2.9620691e-04 2.9620691e-04 2.9620691e-04]
 [1.0483606e-01 7.8765221e-02 6.9901869e-02 5.7413902e-02 1.6999033e-03
  5.1423640e-04 8.4766398e-05 3.5764398e-05 3.6260277e-05 5.4433196e-05
  8.0305826e-06 1.1681673e-05 1.3513228e-05 1.3513228e-05 1.3513228e-05
  1.3513228e-05 1.3513228e-05 1.3513228e-05]
 [2.9900005e-02 6.2282838e-02 2.7070895e-02 8.7112330e-02 9.6787564e-02
  3.7390117e-02 8.1374682e-02 1.0862240e-01 3.4340392e-03 3.6618046e-03
  3.6618046e-03 3.6618046e-03 3.6618046e-03 3.6618046e-03 3.6618046e-03
  3.6618046e-03 3.6618046e-03 3.6618046e-03]]
epoch:	49	rewards:	[[8.19234923e-02 8.63047913e-02 9.87165272e-02 8.50070417e-02
  1.89791709e-01 8.01371469e-04 9.74419119e-04 1.03900698e-03
  1.03900698e-03 9.74143622e-04 9.74213239e-04 1.03900698e-03
  1.03900698e-03 1.03900698e-03 1.03900698e-03 1.03900698e-03
  1.03900698e-03 1.03900698e-03]
 [6.60385117e-02 1.07267201e-01 5.28625511e-02 1.07388020e-01
  2.10445434e-01 9.09177121e-04 9.74334194e-04 1.03900698e-03
  1.03900698e-03 1.03900698e-03 1.03900698e-03 1.03900698e-03
  1.03900698e-03 9.76976473e-04 1.03900698e-03 1.03900698e-03
  1.03900698e-03 1.03900698e-03]
 [4.68432624e-03 3.73096415e-03 2.33922969e-03 2.96326540e-03
  2.44762312e-04 2.87193176e-03 3.75061762e-04 3.12846059e-05
  3.36390331e-05 3.57377503e-05 3.57377503e-05 3.57377503e-05
  3.57377503e-05 3.57377503e-05 3.57377503e-05 3.57377503e-05
  3.57377503e-05 3.57377503e-05]
 [6.67576939e-02 1.09613940e-01 4.91066948e-02 1.17762394e-01
  1.58019941e-02 1.86256573e-01 1.49057731e-01 1.67716086e-01
  2.04932138e-01 2.83523619e-01 2.97980011e-01 2.97980011e-01
  2.97980011e-01 2.82289892e-01 2.97980011e-01 2.97980011e-01
  2.97980011e-01 2.97980011e-01]
 [9.00717452e-02 5.21983393e-02 1.58140361e-01 9.60669741e-02
  5.42781455e-03 5.42781455e-03 5.42781455e-03 5.42781455e-03
  5.42781455e-03 5.42781455e-03 5.08996658e-03 5.42781455e-03
  5.42781455e-03 5.42781455e-03 5.42781455e-03 5.42781455e-03
  5.08996705e-03 5.42781455e-03]]
