pre-training...
epoch:	0	nll:	1.3608265
epoch:	5	nll:	0.66515243
epoch:	10	nll:	0.5949379
epoch:	15	nll:	0.5560432
epoch:	20	nll:	0.53046626
epoch:	25	nll:	0.5058336
epoch:	30	nll:	0.48634297
epoch:	35	nll:	0.4671803
epoch:	40	nll:	0.45300603
epoch:	45	nll:	0.44258457
epoch:	50	nll:	0.43134618
epoch:	55	nll:	0.41794813
epoch:	60	nll:	0.4011464
epoch:	65	nll:	0.37997058
epoch:	70	nll:	0.35535163
epoch:	75	nll:	0.31837663
epoch:	80	nll:	0.27209115
epoch:	85	nll:	0.27306658
epoch:	90	nll:	0.23169643
epoch:	95	nll:	0.19303727
epoch:	100	nll:	0.2073335
epoch:	105	nll:	0.1621734
epoch:	110	nll:	0.13509841
epoch:	115	nll:	0.11546241
adversarial training...
epoch:	0	rewards:	[[1.06478475e-01 1.04570441e-01 8.57349709e-02 4.57751267e-02
  1.50225967e-01 5.08397445e-02 8.51900876e-02 1.55369833e-01
  1.51570039e-02 7.19437841e-03 5.11951745e-03 7.59129645e-03
  7.72952707e-03 2.32973648e-03 2.59993179e-03 2.79434933e-03
  9.06976464e-04 9.34207637e-04]
 [8.60576928e-02 1.19914837e-01 5.91115914e-02 1.41076138e-02
  6.64143935e-02 6.03776388e-02 6.89220941e-03 1.56659051e-03
  5.99443652e-02 3.08902860e-02 2.21873634e-03 6.06691279e-02
  6.09993078e-02 1.16565906e-01 5.91108575e-02 1.17502525e-01
  1.17261864e-01 1.00881087e-04]
 [1.31646901e-01 1.32872954e-01 8.04972798e-02 1.72933355e-01
  1.53874168e-02 1.53874168e-02 1.53874168e-02 1.53874168e-02
  1.53874168e-02 1.53874168e-02 1.53874168e-02 1.53874168e-02
  1.53874168e-02 1.53874168e-02 1.53874168e-02 1.53874168e-02
  1.53874168e-02 1.53874168e-02]
 [2.89904978e-02 4.71274629e-02 1.22229420e-02 8.23457539e-03
  1.26302838e-02 7.55028566e-04 8.83229019e-04 1.99354137e-03
  5.27294178e-04 1.15091354e-02 2.11534300e-03 1.34525243e-02
  3.08154791e-04 4.18147771e-04 2.91425182e-04 3.82186263e-04
  4.77495138e-04 1.99255315e-04]
 [1.32780984e-01 9.72153246e-02 1.02050625e-01 1.00992590e-01
  1.07363135e-01 1.07363135e-01 1.07363135e-01 1.07363135e-01
  1.07363135e-01 1.07363135e-01 1.07363135e-01 1.07363135e-01
  1.07363135e-01 1.07363135e-01 1.07363135e-01 1.07363135e-01
  1.07363135e-01 1.07363135e-01]]
epoch:	5	rewards:	[[0.05509144 0.04586639 0.05301483 0.03963393 0.0750699  0.05134809
  0.04056804 0.06004446 0.06004446 0.06004446 0.06004446 0.06004446
  0.06004446 0.06004446 0.06004446 0.06004446 0.06004446 0.06004446]
 [0.02215472 0.00764978 0.05340214 0.01521996 0.0043471  0.05492589
  0.01291231 0.00371838 0.08911092 0.00609111 0.00634186 0.00632351
  0.00598266 0.00622453 0.0065442  0.0065442  0.00638182 0.0065442 ]
 [0.049845   0.06103616 0.08991718 0.00788039 0.00780019 0.00780019
  0.00780019 0.00780019 0.00780019 0.00739841 0.00780019 0.00738576
  0.00780019 0.00780019 0.00780019 0.00780019 0.00780019 0.00780019]
 [0.00779755 0.0522342  0.08780359 0.06838717 0.11234427 0.06609966
  0.05228987 0.14814441 0.11243245 0.12941724 0.06983045 0.07512101
  0.15637296 0.1704401  0.15638414 0.2025131  0.23834187 0.24472135]
 [0.07269769 0.0695252  0.13609424 0.00823186 0.00780019 0.00780019
  0.00780019 0.00780019 0.00780019 0.00739841 0.00780019 0.00780019
  0.00780019 0.00780019 0.00780019 0.00780019 0.00780019 0.00780019]]
epoch:	10	rewards:	[[0.12566815 0.05869757 0.11004464 0.1233628  0.13068351 0.13068351
  0.13068351 0.13068351 0.13068351 0.13068351 0.13068351 0.12346249
  0.13068351 0.13068351 0.13068351 0.13068351 0.13068351 0.13068351]
 [0.09880148 0.11122614 0.11732907 0.02082919 0.02677614 0.02998278
  0.04268684 0.04093349 0.04268684 0.04268684 0.04268684 0.04268684
  0.04268684 0.04268684 0.04268684 0.04268684 0.04268684 0.04268684]
 [0.11258796 0.0719051  0.01628705 0.0720369  0.05191046 0.08890281
  0.04790469 0.09128165 0.08465978 0.05664005 0.15812437 0.05775188
  0.00409679 0.00356853 0.00345538 0.00356853 0.00356853 0.00356853]
 [0.07589911 0.07919444 0.09012158 0.17512712 0.15634957 0.13875836
  0.20378552 0.2114501  0.155565   0.1762585  0.11805416 0.33869362
  0.33869362 0.33869362 0.33869362 0.3212942  0.33869362 0.33869362]
 [0.07999082 0.20692055 0.29107192 0.19005488 0.2851425  0.354199
  0.34522232 0.31941873 0.23377812 0.55185264 0.39802676 0.4354275
  0.28231823 0.0918513  0.05675374 0.19290797 0.22882316 0.31229448]]
epoch:	15	rewards:	[[0.08272282 0.0420788  0.07267319 0.07277559 0.01752658 0.01099193
  0.02160615 0.0354266  0.04319985 0.10534841 0.18965228 0.02940849
  0.03084004 0.20290433 0.00382329 0.00884082 0.00449657 0.00155527]
 [0.05411172 0.04387705 0.06166063 0.01089396 0.01089396 0.01089396
  0.01089396 0.01089396 0.01089396 0.01089396 0.01089396 0.01044236
  0.01089396 0.01089396 0.01089396 0.01089396 0.01089396 0.01089396]
 [0.0426462  0.13948688 0.08586252 0.01725406 0.01725406 0.01725406
  0.01725406 0.01679998 0.01725406 0.01725406 0.01725406 0.01725406
  0.01725406 0.01725406 0.01725406 0.01725406 0.01725406 0.01725406]
 [0.10704917 0.12154362 0.07940952 0.06252868 0.02613947 0.07583103
  0.07635503 0.09490815 0.07435554 0.0294456  0.08543474 0.08301815
  0.04959403 0.15314437 0.14792083 0.22395472 0.09226191 0.00135575]
 [0.09137181 0.13370165 0.07946754 0.12258351 0.08323522 0.06545638
  0.11719146 0.07556041 0.01470763 0.02403602 0.02403602 0.02403602
  0.02403602 0.02403602 0.02403602 0.02403602 0.02403602 0.02403602]]
epoch:	20	rewards:	[[0.06135946 0.0098471  0.04132266 0.01168173 0.09662803 0.06389395
  0.0083655  0.16872731 0.004076   0.00929729 0.11200476 0.10991016
  0.05906051 0.00174051 0.00274903 0.00259516 0.00132889 0.00051135]
 [0.07693093 0.0475575  0.0792883  0.01957196 0.01957196 0.01957196
  0.01957196 0.01899011 0.01957196 0.01957196 0.01957196 0.0187144
  0.01957196 0.01957196 0.01957196 0.01957196 0.01957196 0.01957196]
 [0.04924361 0.09116533 0.09731777 0.03498706 0.00562255 0.05538855
  0.11483708 0.00114677 0.00187954 0.00145472 0.0018779  0.00528564
  0.00220014 0.00141714 0.00222342 0.00118829 0.00294999 0.00158493]
 [0.11608098 0.07009643 0.09733286 0.08947472 0.11953081 0.10549596
  0.11272443 0.12399621 0.13651946 0.13651946 0.13651946 0.13651946
  0.13651946 0.13651946 0.13651946 0.13651946 0.13651946 0.13651946]
 [0.04751443 0.00908687 0.01037736 0.01054172 0.0059048  0.00364175
  0.0057549  0.11454535 0.00221116 0.0852548  0.00335167 0.11026424
  0.16711366 0.12050402 0.00215328 0.00124016 0.00312012 0.00852319]]
epoch:	25	rewards:	[[0.05098247 0.08404405 0.03658425 0.05505176 0.09579334 0.0760866
  0.07711887 0.125258   0.11827777 0.125258   0.125258   0.125258
  0.125258   0.125258   0.125258   0.125258   0.125258   0.125258  ]
 [0.05895877 0.07006433 0.07859096 0.09937872 0.09937872 0.09937872
  0.09937872 0.09937872 0.09937872 0.09937872 0.09344937 0.09937872
  0.09937872 0.09937872 0.09937872 0.09937872 0.09937872 0.09937872]
 [0.07665761 0.07511709 0.05378324 0.11741662 0.00718304 0.00718304
  0.00718304 0.00718304 0.00718304 0.00718304 0.00718304 0.00718304
  0.00718304 0.00718304 0.00718304 0.00718304 0.00718304 0.00718304]
 [0.06434978 0.07246933 0.07415293 0.11671179 0.0988223  0.08336263
  0.08328797 0.13069709 0.14713648 0.00308222 0.03188512 0.00462098
  0.01357775 0.00618441 0.00174774 0.0071986  0.00118807 0.00084475]
 [0.02567034 0.09942847 0.11788926 0.07886382 0.09716098 0.08329595
  0.00237297 0.00344437 0.00344437 0.00344437 0.00344437 0.00344437
  0.00344437 0.00344437 0.00344437 0.00344437 0.00323978 0.00344437]]
epoch:	30	rewards:	[[0.09031174 0.05500024 0.00165939 0.05988673 0.02059645 0.02026795
  0.01972832 0.03907585 0.01939108 0.01969017 0.01960037 0.01948938
  0.02030244 0.00066061 0.00066061 0.00066061 0.00066061 0.00066061]
 [0.05637616 0.09743927 0.09836441 0.1064923  0.14996189 0.17392592
  0.1741153  0.1997938  0.19777499 0.12501457 0.17417684 0.39426503
  0.39426503 0.3727398  0.39426503 0.39426503 0.39426503 0.39426503]
 [0.07010588 0.1075678  0.11472697 0.12682536 0.0838296  0.12775365
  0.15402229 0.24747224 0.07811894 0.2015736  0.20000036 0.39426503
  0.39426503 0.39426503 0.39426503 0.39426503 0.39426503 0.39426503]
 [0.0556917  0.06532851 0.01321954 0.00339126 0.0013167  0.00173355
  0.000916   0.00160916 0.00076428 0.0010516  0.0020833  0.00138369
  0.00175928 0.00229357 0.00154281 0.00298185 0.00168673 0.00091593]
 [0.0676259  0.07463238 0.05297153 0.12562542 0.05292598 0.1003183
  0.09094443 0.10359365 0.2233167  0.2265734  0.22285017 0.22563908
  0.22495006 0.27417812 0.2249295  0.31958616 0.39301237 0.39301237]]
epoch:	35	rewards:	[[7.68165886e-02 7.86570311e-02 4.41584885e-02 4.02519740e-02
  4.10984717e-02 8.15527290e-02 6.68145865e-02 7.22642317e-02
  1.32987276e-01 8.27631354e-02 8.00619572e-02 2.12118164e-01
  2.12118164e-01 2.12118164e-01 2.12118164e-01 2.12118164e-01
  2.12118164e-01 2.12118164e-01]
 [8.88020843e-02 7.45201856e-02 8.21711719e-02 4.62841056e-03
  4.07685013e-03 4.07685013e-03 4.07685013e-03 4.07685013e-03
  4.07685013e-03 4.07685013e-03 4.07685013e-03 4.07685013e-03
  4.07685013e-03 4.07685013e-03 4.07685013e-03 4.07685013e-03
  4.07685013e-03 4.07685013e-03]
 [1.46434791e-02 1.72704947e-03 1.92145840e-03 1.88943802e-03
  2.27711536e-03 1.49609696e-04 2.80701119e-04 2.13709063e-04
  2.14688844e-04 1.24068451e-04 2.44632689e-03 2.85464223e-04
  2.36391905e-04 5.20866830e-04 3.52960080e-04 1.07975146e-04
  3.26791487e-04 1.31149043e-03]
 [9.60739180e-02 2.89569609e-03 1.17974788e-01 1.40653998e-01
  1.73902931e-03 1.75598949e-01 1.25005690e-03 5.90787716e-02
  1.19528532e-01 4.71397449e-04 4.72445488e-02 1.76861271e-01
  3.64758447e-02 1.17700897e-01 6.89826673e-04 6.66347478e-05
  5.80286796e-05 7.06017599e-05]
 [1.05617069e-01 7.18424395e-02 4.15363954e-03 3.39664845e-03
  1.84064992e-02 1.34570966e-03 1.36033131e-03 6.78991899e-04
  5.92224125e-04 8.37775064e-04 5.21567243e-04 1.70758404e-02
  1.68617237e-02 4.16975148e-04 6.66729058e-04 6.66729058e-04
  6.66729058e-04 6.66729058e-04]]
epoch:	40	rewards:	[[7.65998513e-02 5.21374941e-02 8.32634717e-02 1.00879319e-01
  1.00879319e-01 1.00879319e-01 1.00879319e-01 1.00879319e-01
  1.00879319e-01 1.00879319e-01 1.00879319e-01 1.00879319e-01
  1.00879319e-01 1.00879319e-01 1.00879319e-01 1.00879319e-01
  1.00879319e-01 1.00879319e-01]
 [5.80804124e-02 4.66515943e-02 3.64980921e-02 1.21330872e-01
  1.38636246e-01 1.38636246e-01 1.38636246e-01 1.38636246e-01
  1.38636246e-01 1.38636246e-01 1.38636246e-01 1.38636246e-01
  1.38636246e-01 1.38636246e-01 1.38636246e-01 1.29978552e-01
  1.38636246e-01 1.38636246e-01]
 [7.84995407e-02 9.77511257e-02 1.04481682e-01 8.53162929e-02
  1.23112805e-01 7.82373771e-02 9.71684232e-02 1.51413202e-01
  1.51413202e-01 1.51413202e-01 1.51413202e-01 1.51413202e-01
  1.51413202e-01 1.42146930e-01 1.51413202e-01 1.51413202e-01
  1.51413202e-01 1.51413202e-01]
 [6.93081692e-02 7.09635690e-02 1.04412325e-01 7.01456815e-02
  1.35606408e-01 2.06847772e-01 2.09969401e-01 2.68011272e-01
  7.39160776e-02 1.73894495e-01 3.66249770e-01 2.55874395e-01
  2.04335064e-01 1.38700739e-01 7.14569353e-03 1.75482547e-03
  2.50445725e-03 1.83458347e-02]
 [5.51194288e-02 6.85703307e-02 8.42661858e-02 9.61298868e-02
  6.01922423e-02 1.08474210e-01 4.04571038e-04 8.53087753e-04
  6.64150284e-04 1.17262604e-03 1.27768214e-03 1.94193772e-03
  1.89743389e-03 1.15434907e-03 2.06104087e-04 1.30223256e-04
  2.08962883e-04 4.35097230e-04]]
epoch:	45	rewards:	[[9.0238102e-02 8.5338086e-02 7.2805770e-02 3.5411403e-02 7.5701214e-02
  1.0695684e-01 1.3360539e-01 1.3560203e-01 2.3713283e-01 2.3713283e-01
  2.3713283e-01 2.2267048e-01 2.2241233e-01 2.3713283e-01 2.3713283e-01
  2.3713283e-01 2.3713283e-01 2.3713283e-01]
 [2.1638763e-03 4.9492985e-02 1.2986003e-02 1.4869719e-02 5.5996288e-02
  1.6501334e-02 1.6146800e-02 2.2633604e-03 9.0993737e-04 1.7685790e-02
  1.3461737e-02 1.8438406e-02 1.9991018e-02 2.0634340e-02 4.9063405e-03
  5.0185411e-03 2.6028918e-03 3.8101693e-04]
 [7.8090087e-02 2.3393962e-03 1.0681751e-01 5.1157076e-02 5.5600097e-03
  3.1534627e-02 2.0892466e-03 3.2457344e-02 5.7392707e-04 3.0208440e-02
  9.1405563e-02 4.0193191e-03 9.3684383e-03 3.8935468e-02 9.0851774e-04
  5.2289566e-04 2.1329882e-04 4.1854793e-05]
 [5.1689543e-02 6.6619731e-02 1.8056583e-03 9.5574990e-02 4.9288742e-02
  3.1232617e-03 3.2237083e-02 6.0580652e-02 9.9895960e-03 8.8343211e-02
  9.1461296e-04 1.1965062e-02 1.0733768e-02 5.9923537e-02 5.9861790e-02
  9.0446353e-02 1.7669295e-01 1.0440209e-03]
 [5.5260185e-02 1.0193829e-01 6.3757628e-02 2.9925451e-02 3.2681907e-03
  1.2782632e-03 3.1273800e-03 1.8502586e-03 1.8502586e-03 1.8502586e-03
  1.7349698e-03 1.8502586e-03 1.8502586e-03 1.7348023e-03 1.8502586e-03
  1.8502586e-03 1.8502586e-03 1.8502586e-03]]
epoch:	49	rewards:	[[3.56658660e-02 9.68627632e-02 6.32571653e-02 5.75046763e-02
  5.05097806e-02 3.72203707e-04 5.01503684e-02 1.52482372e-03
  1.55522185e-03 1.63987279e-05 2.45742158e-05 3.26943555e-05
  2.98569072e-03 2.36083870e-05 3.53670512e-05 1.03078455e-05
  1.93028482e-05 7.31487333e-08]
 [5.32730259e-02 9.34440941e-02 3.00579723e-02 3.49645689e-03
  3.44839040e-03 3.44839040e-03 3.23299505e-03 3.44839040e-03
  3.44839040e-03 3.44839040e-03 3.44839040e-03 3.44839040e-03
  3.44839040e-03 3.44839040e-03 3.44839040e-03 3.44839040e-03
  3.44839040e-03 3.44839040e-03]
 [2.36542374e-01 1.02944888e-01 2.55962387e-02 6.04389422e-02
  4.67266217e-02 7.35412315e-02 8.13498572e-02 3.95686729e-05
  1.73719236e-04 3.18648061e-04 4.91839019e-04 1.60865195e-04
  4.20210090e-05 1.59269155e-04 1.11431138e-04 2.12043778e-05
  2.63270649e-05 2.63270649e-05]
 [9.17440206e-02 4.27150317e-02 6.92137033e-02 5.39977513e-02
  6.09739497e-02 6.68729544e-02 7.32356086e-02 9.98378769e-02
  1.06489778e-01 1.06489778e-01 1.06489778e-01 1.06489778e-01
  1.06489778e-01 1.06489778e-01 9.98521149e-02 1.06489778e-01
  1.06489778e-01 1.06489778e-01]
 [9.83797386e-02 6.78299963e-02 6.26403689e-02 7.81009207e-04
  7.20990531e-04 7.68769474e-04 7.68769474e-04 7.68769474e-04
  7.68769474e-04 7.68769474e-04 7.20866548e-04 7.68769474e-04
  7.68769474e-04 7.68769474e-04 7.68769474e-04 7.20804208e-04
  7.68769474e-04 7.68769474e-04]]
