pre-training...
epoch:	0	nll:	1.4008435
epoch:	5	nll:	0.82199
epoch:	10	nll:	0.4958227
epoch:	15	nll:	0.40400642
epoch:	20	nll:	0.39295688
epoch:	25	nll:	0.38475588
epoch:	30	nll:	0.37773672
epoch:	35	nll:	0.37107688
epoch:	40	nll:	0.3647743
epoch:	45	nll:	0.35875282
epoch:	50	nll:	0.35270134
epoch:	55	nll:	0.3465903
epoch:	60	nll:	0.34040767
epoch:	65	nll:	0.33383837
epoch:	70	nll:	0.32666972
epoch:	75	nll:	0.31858572
epoch:	80	nll:	0.309134
epoch:	85	nll:	0.2980545
epoch:	90	nll:	0.28524217
epoch:	95	nll:	0.27120537
epoch:	100	nll:	0.25697175
epoch:	105	nll:	0.2424382
epoch:	110	nll:	0.22719452
epoch:	115	nll:	0.21427345
adversarial training...
epoch:	0	rewards:	[[4.0965531e-02 3.9737504e-02 2.3767022e-02 6.0682185e-03 2.0935382e-04
  4.8339012e-04 1.5414989e-03 5.8728179e-05 6.5229033e-05 3.0429359e-04
  9.6226548e-05 3.2864140e-05 7.4171010e-05 1.1903656e-04 1.3654459e-04
  1.3654459e-04 1.3654459e-04 1.3654459e-04]
 [6.9639489e-02 3.8882684e-02 1.0622647e-02 1.4521609e-03 1.0189668e-03
  5.7295901e-03 7.7484042e-04 5.1104873e-03 1.0396548e-02 1.9684834e-02
  2.2340497e-02 2.2340497e-02 2.2340497e-02 2.2340497e-02 2.2340497e-02
  2.2340497e-02 2.2340497e-02 2.2340497e-02]
 [3.5543490e-02 3.4304850e-02 3.7490331e-02 4.3542883e-03 7.6089449e-02
  2.5563219e-03 3.3718959e-04 1.8739638e-04 2.2152301e-04 2.2152301e-04
  2.2152301e-04 2.2152301e-04 2.2152301e-04 2.2152301e-04 2.2152301e-04
  2.2152301e-04 2.2152301e-04 2.2152301e-04]
 [5.4287985e-03 1.0166933e-03 1.7521970e-03 7.3347433e-04 1.2974528e-04
  7.1405940e-04 6.9008456e-05 1.8835392e-04 5.8956780e-06 1.1287445e-05
  4.9539876e-06 9.0526082e-06 3.5547919e-06 3.5547919e-06 3.5547919e-06
  3.5547919e-06 3.5547919e-06 3.5547919e-06]
 [3.9965171e-02 1.9765445e-03 9.4136119e-02 1.2051617e-04 2.9848554e-04
  2.3366121e-04 6.1908504e-04 2.1745937e-04 3.5374099e-04 3.5374099e-04
  3.5374099e-04 3.5374099e-04 3.5374099e-04 3.5374099e-04 3.5374099e-04
  3.5374099e-04 3.5374099e-04 3.5374099e-04]]
epoch:	5	rewards:	[[4.0805491e-04 4.6229025e-04 5.1986019e-04 3.0216746e-04 3.0429574e-04
  3.1748679e-04 1.2595631e-04 1.7428058e-04 1.6810693e-04 1.6112340e-04
  1.8922494e-04 1.8922494e-04 1.8922494e-04 1.8922494e-04 1.8922494e-04
  1.8292925e-04 1.8157750e-04 1.8922494e-04]
 [2.2763434e-04 1.9657394e-02 6.1670621e-03 3.6115583e-02 7.4149779e-04
  1.9203667e-02 2.6397852e-04 2.6397101e-04 5.2178773e-05 7.2301322e-05
  1.0586675e-03 4.8783398e-04 9.7956574e-05 7.6873504e-05 7.6873504e-05
  7.6873504e-05 7.6873504e-05 7.6873504e-05]
 [7.5819422e-03 3.0983239e-04 1.0110859e-03 8.1177510e-04 1.9594729e-04
  3.0723528e-04 1.5517112e-04 6.1161714e-05 8.0738508e-05 6.7459048e-05
  6.0934508e-05 7.3362360e-05 7.2869392e-05 1.0730114e-04 2.7268493e-04
  6.9341302e-05 1.1938561e-04 5.2104777e-05]
 [6.7590718e-04 6.2230518e-03 1.2214073e-02 2.4828536e-04 1.5029195e-04
  9.7962868e-05 9.1189388e-05 3.0089946e-05 5.0456743e-05 3.3207307e-05
  8.0731850e-05 6.2541862e-05 4.1208055e-05 4.6725429e-05 1.0742931e-04
  3.5324942e-05 3.6881447e-05 1.2878688e-04]
 [6.2493114e-03 6.2433560e-03 2.8781886e-03 2.4256972e-03 2.4275845e-03
  5.2332552e-03 7.0008350e-04 6.9399178e-04 2.0235391e-04 6.4430624e-04
  1.6399770e-04 3.0698898e-04 4.3484845e-04 1.6590299e-04 1.6590299e-04
  1.6590299e-04 1.6590299e-04 1.6590299e-04]]
epoch:	10	rewards:	[[2.45215418e-03 5.07784858e-02 4.18319425e-04 1.07217382e-03
  5.34953724e-04 1.56104635e-03 1.09118712e-03 5.52248268e-04
  2.32057369e-04 1.22879035e-04 6.08927912e-05 5.06874858e-05
  5.14732528e-05 5.42275884e-05 5.10338032e-05 6.21659783e-05
  5.06055003e-05 6.63451938e-05]
 [1.62830914e-03 1.63443461e-02 5.01593649e-02 1.58772245e-01
  1.74613655e-01 1.00992754e-01 1.45789131e-03 1.82444556e-03
  1.82444556e-03 1.82444556e-03 1.73191051e-03 1.82444556e-03
  1.82444556e-03 1.82444556e-03 1.82444556e-03 1.82444556e-03
  1.82444556e-03 1.82444556e-03]
 [1.77747232e-03 2.05914490e-02 5.68709597e-02 3.81099433e-03
  2.09511835e-02 3.28546180e-03 3.20688559e-04 1.01546594e-03
  1.27213978e-04 4.24473255e-05 4.32403722e-05 4.32403722e-05
  4.32403722e-05 4.15791801e-05 4.32403722e-05 4.32403722e-05
  4.32403722e-05 4.32403722e-05]
 [5.13172662e-03 2.04591575e-04 9.26610257e-04 1.00958848e-03
  9.97398049e-04 3.10911972e-04 5.60440682e-02 8.07043724e-03
  3.65206778e-01 7.11663021e-03 7.11663021e-03 7.11663021e-03
  6.77362503e-03 7.11663021e-03 7.11663021e-03 7.11663021e-03
  7.11663021e-03 7.11663021e-03]
 [2.07671281e-02 1.15496328e-03 5.12835868e-02 2.08427962e-02
  1.28605030e-03 2.11704220e-03 2.09509581e-03 1.81702815e-03
  1.89512968e-03 1.89512968e-03 1.89512968e-03 1.89512968e-03
  1.89512968e-03 1.89512968e-03 1.89512968e-03 1.89512968e-03
  1.89512968e-03 1.89512968e-03]]
epoch:	15	rewards:	[[6.38603000e-04 4.82631323e-04 3.45326262e-04 7.03384925e-04
  2.22245627e-03 9.31198709e-04 2.57529202e-03 3.67326289e-03
  3.67326289e-03 3.67326289e-03 3.67326289e-03 3.67326289e-03
  3.67326289e-03 3.67326289e-03 3.67326289e-03 3.67326289e-03
  3.67326289e-03 3.67326289e-03]
 [1.24354875e-02 3.88266169e-04 7.91564700e-04 1.64688303e-04
  4.66104902e-05 1.47917715e-04 7.50576583e-05 4.08087544e-05
  4.08087544e-05 4.08087544e-05 4.08087544e-05 4.08087544e-05
  4.08087544e-05 4.08087544e-05 3.94541566e-05 4.08087544e-05
  4.08087544e-05 4.08087544e-05]
 [2.38847279e-04 9.40301549e-03 6.51375740e-04 6.46514527e-04
  2.60758866e-03 2.11704453e-03 5.21851587e-04 2.40721693e-03
  5.61478408e-03 1.51116997e-02 1.70652457e-02 1.70652457e-02
  1.70652457e-02 1.70652457e-02 1.61430556e-02 1.70652457e-02
  1.70652457e-02 1.70652457e-02]
 [4.25460562e-03 1.22428620e-02 9.38258413e-03 3.66146152e-04
  9.18638543e-04 4.59369621e-04 2.63836060e-04 5.18023735e-05
  5.18077904e-05 5.18077904e-05 5.18077904e-05 5.18077904e-05
  5.18077904e-05 5.18077904e-05 5.18077904e-05 5.18077904e-05
  5.18077904e-05 5.18077904e-05]
 [2.14426816e-02 9.31410212e-03 5.41121757e-04 1.04450074e-03
  7.03818368e-05 7.08793814e-05 5.89666379e-05 2.04826538e-05
  9.92680900e-04 4.56244525e-05 8.64271715e-05 1.02532300e-04
  1.02532300e-04 1.02532300e-04 1.02532300e-04 9.78887983e-05
  1.02532300e-04 1.02532300e-04]]
epoch:	20	rewards:	[[1.4701156e-03 3.3277281e-02 3.2656025e-02 3.9856273e-04 1.2990506e-04
  9.5166848e-05 2.0782344e-04 3.8131993e-04 1.4191857e-04 3.6590303e-05
  3.4090550e-05 9.1629327e-06 1.3200676e-05 1.5296660e-05 9.5558871e-06
  2.7012838e-05 1.4959984e-05 4.4375887e-05]
 [6.9187162e-03 2.6511049e-03 8.2173370e-02 7.1575202e-04 4.3161854e-04
  1.0881530e-04 1.8335468e-04 2.7495173e-03 1.7083863e-04 4.1087242e-05
  1.1723543e-05 1.2863574e-05 1.2863574e-05 1.2863574e-05 1.2863574e-05
  1.2863574e-05 1.2863574e-05 1.2863574e-05]
 [3.6224723e-02 3.6403336e-02 7.7891315e-04 6.3698380e-03 1.3211970e-03
  9.8845412e-05 8.6989145e-05 4.6823847e-05 1.0631729e-04 2.8326610e-04
  8.8537185e-05 5.6107263e-05 9.1028807e-05 1.4553372e-04 5.8935850e-05
  6.3394735e-05 6.3394735e-05 6.3394735e-05]
 [9.1903546e-04 2.6466137e-02 4.3142753e-04 1.6591875e-04 3.6455935e-04
  5.8152349e-05 2.6074102e-05 1.3926711e-05 1.1946660e-05 1.1946660e-05
  1.1946660e-05 1.1946660e-05 1.1946660e-05 1.1946660e-05 1.1946660e-05
  1.1946660e-05 1.1946660e-05 1.1946660e-05]
 [6.9197835e-03 3.3524569e-02 9.3443389e-04 1.1509719e-01 1.2661560e-04
  6.5283357e-06 7.4505042e-06 6.4872529e-06 2.9142393e-06 9.3893195e-06
  6.7988549e-06 6.1028663e-06 1.0231772e-05 5.9249937e-06 1.3468195e-05
  5.5284559e-06 6.6258017e-06 2.0051984e-05]]
epoch:	25	rewards:	[[1.22593332e-03 2.83913463e-02 7.63328135e-05 2.06661614e-04
  5.59016014e-04 1.20357166e-04 2.97831139e-04 3.32399468e-05
  3.49053225e-05 3.28884598e-05 3.49053225e-05 3.49053225e-05
  3.49053225e-05 3.49053225e-05 3.49053225e-05 3.49053225e-05
  3.49053225e-05 3.49053225e-05]
 [4.74789616e-04 3.09850177e-04 8.44944343e-02 1.12553735e-05
  1.26664618e-05 1.75637942e-05 3.52120674e-06 7.79255606e-06
  4.34016010e-06 1.49742718e-05 5.61872184e-06 2.29674038e-06
  1.24313310e-05 4.82236737e-06 8.68331881e-06 1.24340650e-05
  6.39608061e-06 1.08050726e-05]
 [2.90124938e-02 8.62827757e-04 5.62585257e-02 8.98613930e-02
  1.37766788e-03 2.24035163e-03 2.56352778e-05 5.69770527e-05
  6.01194952e-05 6.01194952e-05 6.01194952e-05 6.01194952e-05
  6.01194952e-05 6.01194952e-05 6.01194952e-05 6.01194952e-05
  6.01194952e-05 6.01194952e-05]
 [2.80753002e-02 3.15652154e-02 2.29414363e-04 2.01216099e-04
  4.32584377e-04 2.63371039e-04 4.73980239e-04 1.83376233e-06
  2.94329470e-06 2.80277345e-06 2.94329470e-06 2.94329470e-06
  2.94329470e-06 2.79362507e-06 2.94329470e-06 2.94329470e-06
  2.94329470e-06 2.94329470e-06]
 [2.91797444e-02 2.88665798e-02 7.88721300e-05 1.64474026e-04
  3.05846421e-04 3.20932455e-03 3.25479917e-03 2.47766671e-04
  2.47766671e-04 2.47766671e-04 2.47766671e-04 2.47766671e-04
  2.47766671e-04 2.47766671e-04 2.47766671e-04 2.47766671e-04
  2.47766671e-04 2.47766671e-04]]
epoch:	30	rewards:	[[2.08449760e-03 1.66563410e-03 4.25506495e-02 1.35362890e-04
  7.27489241e-05 2.09042882e-05 3.95901807e-05 5.93496043e-06
  7.52222240e-06 1.32834975e-05 8.52101857e-06 5.41570262e-06
  4.15909781e-05 1.31702054e-05 6.16594207e-06 2.05280267e-05
  7.04889499e-06 1.15717467e-06]
 [4.90844250e-02 2.10521575e-02 5.01152053e-02 4.84226075e-05
  2.53528380e-03 1.74404107e-04 4.64694342e-04 1.26353014e-04
  2.48398312e-04 2.07035482e-04 2.07134732e-03 2.28538699e-02
  2.87562667e-04 1.70831263e-04 1.70831263e-04 1.70831263e-04
  1.70831263e-04 1.70831263e-04]
 [4.95497100e-02 1.65324158e-03 3.51099973e-03 6.25207758e-05
  3.99370532e-04 2.28723184e-05 2.07261455e-05 1.39213751e-06
  7.84622671e-07 1.31588956e-06 1.03680657e-06 1.39768804e-06
  1.40325903e-06 9.64069727e-07 8.09390485e-07 9.31340537e-07
  8.84385656e-07 2.87250231e-07]
 [8.10542784e-04 1.32371893e-03 2.83836434e-03 5.00592925e-02
  1.62145428e-04 9.41752165e-04 5.66427945e-04 5.66427945e-04
  5.66427945e-04 5.32890495e-04 5.32636070e-04 5.66427945e-04
  5.66427945e-04 5.66427945e-04 5.66427945e-04 5.66427945e-04
  5.66427945e-04 5.66427945e-04]
 [9.86604299e-03 8.23000271e-04 2.12419257e-02 5.20912111e-02
  7.63519527e-03 7.03128229e-04 5.33405575e-04 5.34179795e-04
  5.66428236e-04 5.32922859e-04 5.66428236e-04 5.36192849e-04
  5.66428236e-04 5.66428236e-04 5.66428236e-04 5.66428236e-04
  5.66428236e-04 5.66428236e-04]]
epoch:	35	rewards:	[[9.2916703e-04 7.8345798e-03 2.2835934e-03 9.3899878e-05 2.0401225e-05
  4.4737508e-06 1.2863355e-06 6.2153886e-06 2.1877063e-06 8.8966812e-07
  9.7005920e-07 1.8956000e-06 1.8476585e-06 1.8476585e-06 1.7861480e-06
  1.8476585e-06 1.8476585e-06 1.8476585e-06]
 [3.7994457e-04 1.3743846e-02 9.9562516e-05 1.3659724e-04 2.5294834e-05
  4.7693618e-05 1.4218132e-04 1.4218132e-04 1.4218132e-04 1.4218132e-04
  1.4218132e-04 1.3371691e-04 1.4218132e-04 1.4218132e-04 1.4218132e-04
  1.4218132e-04 1.4218132e-04 1.4218132e-04]
 [5.3781044e-04 5.2335404e-02 2.7244315e-02 7.3049756e-05 2.8295774e-04
  1.5810829e-05 1.7352860e-06 1.7745389e-06 1.3816476e-06 1.5044651e-06
  6.1090414e-06 6.4027859e-07 2.7380904e-07 1.8704233e-07 1.8708106e-07
  1.8814679e-07 1.8814679e-07 1.8814679e-07]
 [2.3549008e-04 1.0692416e-03 1.6788837e-04 1.5976941e-04 2.4120362e-05
  3.6415679e-06 1.4342884e-05 2.4944935e-05 9.9252757e-06 1.5553536e-05
  1.5553536e-05 1.5553536e-05 1.5553536e-05 1.5553536e-05 1.5553536e-05
  1.5553536e-05 1.5553536e-05 1.5553536e-05]
 [3.2644477e-02 2.8564276e-02 1.3032295e-03 1.3818591e-05 2.9546956e-05
  2.0840309e-05 1.0495000e-05 6.4420547e-06 6.8890813e-06 3.0669491e-04
  1.6489654e-04 2.2782426e-04 5.9121274e-05 5.9121274e-05 5.9121274e-05
  5.9121274e-05 5.9121274e-05 5.9121274e-05]]
epoch:	40	rewards:	[[5.7979290e-05 4.1657188e-03 3.4756733e-06 4.2392807e-05 5.3344212e-07
  4.6670667e-07 2.2816189e-07 2.4827287e-07 2.2683696e-07 4.9049600e-08
  2.3710363e-08 3.2191600e-08 3.2191600e-08 3.0971751e-08 3.2191600e-08
  3.2191600e-08 3.2191600e-08 3.2191600e-08]
 [2.1543670e-05 3.2223568e-06 2.3280172e-05 1.9795858e-05 3.1148825e-06
  6.8269557e-08 1.7131694e-07 7.8189665e-08 4.7608105e-06 1.1196985e-07
  1.4340180e-08 1.0578612e-08 1.6311279e-08 5.8495480e-09 5.7468221e-09
  5.8495480e-09 5.8495480e-09 5.8495480e-09]
 [4.1478048e-03 4.2003677e-03 8.3855670e-03 2.9174099e-02 4.5714822e-02
  3.8785209e-05 7.5599266e-05 9.1480470e-05 9.1480470e-05 9.1480470e-05
  9.1480470e-05 9.1480470e-05 9.1480470e-05 9.1480470e-05 8.1581464e-05
  8.6177140e-05 9.1480470e-05 9.1480470e-05]
 [2.9122852e-02 3.3301633e-02 8.0557744e-05 3.7459183e-02 4.1564975e-02
  6.6305980e-02 6.6305980e-02 6.6305980e-02 6.6305980e-02 6.6305980e-02
  6.6305980e-02 6.6305980e-02 6.6305980e-02 6.6305980e-02 6.6305980e-02
  6.6305980e-02 6.6305980e-02 6.6305980e-02]
 [4.5208805e-03 2.9153127e-02 2.9187752e-02 8.6616972e-05 3.6956591e-04
  2.1074760e-05 4.0668663e-05 4.0668663e-05 4.0668663e-05 4.0668663e-05
  4.0668663e-05 4.0668663e-05 4.0668663e-05 4.0668663e-05 4.0668663e-05
  4.0668663e-05 4.0668663e-05 4.0668663e-05]]
epoch:	45	rewards:	[[2.1966023e-02 4.4197440e-02 2.2020176e-02 4.1044585e-04 2.2485064e-02
  1.7276961e-04 2.0603539e-04 2.1921826e-04 2.1921826e-04 2.1921826e-04
  2.1921826e-04 2.1921826e-04 2.1921826e-04 2.1921826e-04 2.1921826e-04
  2.1921826e-04 2.1921826e-04 2.1921826e-04]
 [3.7043028e-02 4.3773890e-02 3.9837449e-03 1.5442562e-06 1.3867858e-06
  1.9367214e-06 1.2558668e-05 1.7570066e-05 3.8221174e-06 5.2442620e-06
  5.2442620e-06 5.2442620e-06 5.2442620e-06 5.2442620e-06 4.9336495e-06
  4.9325254e-06 5.2442620e-06 5.2442620e-06]
 [2.2056449e-02 1.8595414e-05 5.9497930e-02 8.0421203e-05 2.2070089e-06
  8.1869024e-05 4.2700576e-06 1.9889734e-07 4.6562736e-09 8.5517522e-09
  1.8977344e-08 2.0857048e-08 5.3854463e-09 1.7118136e-08 1.3906201e-07
  2.1967662e-07 2.1967662e-07 1.3733030e-07]
 [2.0173562e-04 2.3209710e-05 1.9427367e-05 3.3926448e-05 5.5572406e-07
  5.6887234e-07 5.2211760e-07 6.5612898e-07 7.6652235e-08 1.5657584e-07
  2.9497963e-07 2.7444571e-07 1.4323493e-07 1.4176833e-07 7.5921650e-07
  1.1951511e-07 1.5138008e-07 1.5138008e-07]
 [1.4089961e-02 1.5429435e-04 4.3833222e-02 1.5168282e-06 2.5088748e-06
  3.0313352e-06 2.4765566e-06 2.4167575e-06 4.2100558e-07 4.8393440e-07
  4.8393440e-07 4.8393440e-07 4.8393440e-07 4.8393440e-07 4.8393440e-07
  4.8393440e-07 4.8393440e-07 4.8393440e-07]]
epoch:	49	rewards:	[[1.04547733e-04 1.21480094e-04 4.97886054e-02 9.54786763e-02
  1.20382793e-01 9.22910497e-02 6.86606705e-01 3.68732726e-04
  4.27017803e-04 4.27017803e-04 4.01216297e-04 4.27017803e-04
  4.27017803e-04 4.27017803e-04 4.27017803e-04 4.27017803e-04
  4.27017803e-04 4.27017803e-04]
 [1.40440374e-04 1.33107867e-04 9.29758360e-04 6.19436787e-06
  3.23010227e-07 1.99445799e-06 1.37407216e-03 1.02094297e-07
  4.11307639e-07 9.69229404e-07 9.69229404e-07 9.69229404e-07
  9.69229404e-07 9.69229404e-07 9.69229404e-07 9.69229404e-07
  9.69229404e-07 9.69229404e-07]
 [4.97138090e-02 2.54428703e-02 4.13608468e-05 1.45080548e-06
  3.09695201e-06 8.52060748e-06 6.48411103e-08 3.42120998e-08
  1.73104091e-08 8.66602345e-09 3.55314171e-07 7.25440374e-09
  1.26920776e-08 2.37564848e-08 1.01850555e-08 1.27160664e-08
  3.58670604e-09 3.58670604e-09]
 [7.10018128e-02 2.63946764e-02 1.79096067e-04 1.45238431e-04
  1.13260365e-04 1.44502509e-03 4.67856864e-07 8.16618240e-07
  1.28721311e-07 1.58455308e-07 1.82541299e-07 1.94204063e-07
  1.95744505e-07 1.93819744e-07 2.05735148e-07 1.94204063e-07
  2.05735148e-07 2.05735148e-07]
 [4.59115282e-02 3.31504154e-04 1.29571781e-05 8.79990694e-06
  4.27524610e-05 2.66182525e-07 7.72331259e-06 1.05595491e-05
  1.05595491e-05 1.05595491e-05 1.05595491e-05 1.05595491e-05
  1.05595491e-05 1.05595491e-05 1.05595491e-05 1.05595491e-05
  1.05595491e-05 1.05595491e-05]]
