pre-training...
epoch:	0	nll:	1.3799336
epoch:	5	nll:	0.56760234
epoch:	10	nll:	0.49344665
epoch:	15	nll:	0.47148156
epoch:	20	nll:	0.4529451
epoch:	25	nll:	0.43445066
epoch:	30	nll:	0.41812462
epoch:	35	nll:	0.4017502
epoch:	40	nll:	0.3828587
epoch:	45	nll:	0.36074194
epoch:	50	nll:	0.3375138
epoch:	55	nll:	0.3095965
epoch:	60	nll:	0.2836364
epoch:	65	nll:	0.2660718
epoch:	70	nll:	0.2944433
epoch:	75	nll:	0.26275474
epoch:	80	nll:	0.23405284
epoch:	85	nll:	0.2117697
epoch:	90	nll:	0.19783872
epoch:	95	nll:	0.2587602
epoch:	100	nll:	0.2502473
epoch:	105	nll:	0.18717782
epoch:	110	nll:	0.15963757
epoch:	115	nll:	0.13940583
adversarial training...
epoch:	0	rewards:	[[6.1319854e-02 6.7654327e-03 7.7774143e-03 4.6558436e-02 3.6452385e-03
  2.5252832e-04 3.6002492e-04 7.8498194e-04 5.4885098e-04 5.0912180e-04
  5.0912180e-04 5.0912180e-04 5.0912180e-04 5.0912180e-04 5.0912180e-04
  5.0912180e-04 5.0912180e-04 5.0912180e-04]
 [6.0430873e-02 4.2313725e-02 3.2986805e-02 1.9655962e-02 3.5657111e-04
  1.2397382e-01 1.1545554e-04 5.8935652e-04 6.1523757e-04 6.1523757e-04
  6.1523757e-04 6.1523757e-04 6.1523757e-04 6.1523757e-04 6.1523757e-04
  6.1523757e-04 6.1523757e-04 6.1523757e-04]
 [4.3719634e-02 1.9130241e-03 6.6120021e-02 8.8558719e-02 3.9281449e-04
  8.4977160e-04 9.1377349e-04 6.1537657e-04 9.9269775e-05 4.8450507e-05
  7.0854752e-05 7.4683958e-05 7.4683958e-05 7.4683958e-05 7.4683958e-05
  7.4683958e-05 7.4683958e-05 7.4683958e-05]
 [2.4435576e-02 3.8661252e-04 4.2566758e-02 8.3608463e-02 6.2695719e-02
  4.1797560e-02 1.4752582e-01 2.0917223e-01 1.8970521e-01 7.9666609e-03
  7.7392492e-03 7.9666609e-03 7.9666609e-03 7.9666609e-03 7.9666609e-03
  7.9666609e-03 7.9666609e-03 7.9666609e-03]
 [7.1543977e-02 1.1844412e-02 3.7699710e-03 1.9838968e-02 1.9410217e-02
  6.2335350e-02 2.0113509e-04 3.6139166e-04 2.2309058e-04 1.5499420e-04
  1.4443658e-04 1.4443658e-04 1.4443658e-04 1.4443658e-04 1.4443658e-04
  1.4443658e-04 1.4443658e-04 1.4443658e-04]]
epoch:	5	rewards:	[[2.29650503e-03 7.16588721e-02 2.55308375e-02 1.04729924e-02
  2.49354336e-02 3.25109027e-02 5.24686067e-04 2.60216824e-04
  5.17359760e-04 9.05894581e-03 1.42253513e-04 1.82660035e-04
  1.66757804e-04 1.19870754e-04 1.17583528e-04 5.09905440e-05
  1.86105990e-05 9.59482077e-06]
 [9.84486938e-02 4.47451100e-02 2.43530497e-02 3.45389731e-02
  1.14855720e-02 2.22739670e-03 8.24329676e-04 6.30109105e-04
  7.92285311e-04 1.53458514e-03 1.10452017e-03 6.72818627e-04
  6.79214194e-04 6.79214194e-04 6.79214194e-04 6.79214194e-04
  6.79214194e-04 6.79214194e-04]
 [8.98885429e-02 1.64635494e-01 1.51850481e-03 2.76147816e-02
  1.74526311e-02 8.72096866e-02 8.88066590e-02 8.13561305e-02
  8.18895325e-02 1.20463610e-01 1.28490180e-01 1.28490180e-01
  1.28490180e-01 1.28490180e-01 1.28490180e-01 1.28490180e-01
  1.28490180e-01 1.28490180e-01]
 [2.36462522e-02 8.48926306e-02 5.87738380e-02 4.19705249e-02
  1.08641025e-03 4.38590255e-03 5.82401990e-04 7.68931059e-04
  5.07057295e-04 6.43768406e-04 6.43768406e-04 6.43768406e-04
  6.43768406e-04 6.43768406e-04 6.43768406e-04 6.43768406e-04
  6.43768406e-04 6.43768406e-04]
 [1.12219378e-01 3.62653174e-02 9.82609540e-02 9.83742774e-02
  9.52815488e-02 7.12244213e-03 6.30292390e-03 1.84702326e-03
  2.32693786e-03 2.40801135e-03 2.36482779e-03 2.40801135e-03
  2.40801135e-03 2.40801135e-03 2.31729401e-03 2.40801135e-03
  2.40801135e-03 2.40801135e-03]]
epoch:	10	rewards:	[[1.75542675e-03 4.73628677e-02 1.36004165e-02 2.34971568e-02
  4.69529741e-02 2.30633263e-02 1.43253861e-03 2.51964247e-03
  1.23495283e-03 1.85880228e-03 1.11219590e-03 9.72331618e-04
  1.10593531e-03 8.93135672e-04 8.49678647e-04 1.49227446e-03
  1.49227446e-03 1.49227446e-03]
 [5.63787576e-03 9.81169194e-03 5.44749666e-03 1.19607365e-02
  3.16195078e-02 3.02693136e-02 2.38529835e-02 9.47087072e-03
  7.83109386e-03 5.68217551e-03 9.35147610e-03 9.35147610e-03
  9.35147610e-03 9.35147610e-03 9.35147610e-03 9.35147610e-03
  9.35147610e-03 9.35147610e-03]
 [1.03475051e-02 1.01166986e-01 1.77852977e-02 2.25506932e-03
  7.17473100e-04 1.72359881e-03 1.47841661e-03 2.19884538e-03
  1.09613093e-03 1.53335871e-03 9.60570062e-04 9.60570062e-04
  9.60570062e-04 9.60570062e-04 9.60570062e-04 9.60570062e-04
  9.60570062e-04 9.60570062e-04]
 [1.24915481e-01 6.44657761e-02 9.60109979e-02 1.11908823e-01
  3.05611081e-03 2.40424438e-03 5.71141765e-02 1.06346317e-01
  1.06531240e-01 2.10058495e-01 9.73070564e-04 2.58193002e-03
  1.00870864e-04 1.24737620e-04 9.45595821e-05 8.22021539e-05
  9.08761212e-05 9.08761212e-05]
 [1.26200572e-01 2.58007254e-02 4.48703095e-02 8.64371732e-02
  8.22349489e-02 9.96331796e-02 4.97993920e-03 2.89396336e-03
  4.11090720e-03 4.11090720e-03 4.11090720e-03 4.11090720e-03
  4.11090720e-03 4.11090720e-03 4.11090720e-03 4.11090720e-03
  4.11090720e-03 4.11090720e-03]]
epoch:	15	rewards:	[[6.17697611e-02 1.24191381e-01 1.23288915e-01 2.68523069e-03
  1.55754257e-02 2.85497438e-02 1.61227267e-02 2.98368316e-02
  1.50220115e-02 5.61945587e-02 1.76541216e-03 9.34966956e-04
  5.08013414e-03 3.75993969e-03 3.06250853e-03 8.65117460e-03
  1.09147727e-02 1.09147727e-02]
 [7.64416531e-02 1.91948451e-02 3.95768322e-02 3.42869898e-03
  2.21349206e-02 4.42399494e-02 2.13703010e-02 8.08209479e-02
  6.11399263e-02 1.12324581e-03 2.50155339e-03 1.82658073e-03
  1.82658073e-03 1.82658073e-03 1.82658073e-03 1.82658073e-03
  1.82658073e-03 1.82658073e-03]
 [1.22085810e-01 2.82575209e-02 7.64431134e-02 9.24356095e-03
  9.89347603e-03 1.93374362e-02 1.23272743e-02 1.32845517e-03
  2.31913337e-03 2.30618380e-03 1.40066794e-03 1.35254872e-03
  1.76965003e-03 1.66647718e-03 6.51113281e-04 8.10541795e-04
  1.82958180e-03 3.87054111e-04]
 [5.52794486e-02 6.79280311e-02 9.95895825e-03 4.89643887e-02
  3.47903767e-03 3.16554308e-03 2.56953086e-03 1.33454509e-03
  4.86452971e-03 5.30807907e-03 5.30807907e-03 5.30807907e-03
  5.30807907e-03 5.06127207e-03 5.30807907e-03 5.30807907e-03
  5.30807907e-03 5.30807907e-03]
 [8.99434928e-03 1.15539599e-02 1.09761290e-01 7.62454979e-03
  1.13646857e-01 1.36152916e-02 1.17067108e-02 4.86849854e-03
  6.62365034e-02 5.91409802e-02 1.11980870e-01 1.10301346e-01
  1.66861132e-01 1.81354955e-02 2.16015488e-01 3.33285272e-01
  1.63854390e-01 8.61634016e-01]]
epoch:	20	rewards:	[[0.03035164 0.01478389 0.04222273 0.02250452 0.00140586 0.0534697
  0.00026814 0.00432621 0.00117507 0.00112136 0.00117507 0.00117507
  0.00117507 0.00117507 0.00117507 0.00117507 0.00117507 0.00117507]
 [0.00949859 0.04646722 0.03237185 0.03866425 0.00284525 0.05285654
  0.00075097 0.00023659 0.00033267 0.05197676 0.05848278 0.10026073
  0.00712848 0.108095   0.00433954 0.05020456 0.10822354 0.00033978]
 [0.04056176 0.05073901 0.02941274 0.01355933 0.00227014 0.06530479
  0.05235773 0.04984035 0.0067396  0.00215892 0.00067107 0.05844655
  0.05007828 0.10149179 0.05890518 0.00089842 0.00281173 0.00048862]
 [0.03475842 0.00942705 0.01371369 0.0262688  0.02655715 0.01362331
  0.00094004 0.00023751 0.0002084  0.04987477 0.05008755 0.05844814
  0.04998175 0.00041712 0.00588279 0.00062314 0.0538599  0.0075244 ]
 [0.00142492 0.09197962 0.00108908 0.0127542  0.00684811 0.00345902
  0.00797561 0.00167005 0.00083262 0.00067785 0.00064317 0.00053581
  0.00053581 0.00053581 0.00053581 0.00053581 0.00053581 0.00053581]]
epoch:	25	rewards:	[[3.66154313e-02 4.09620777e-02 4.32585217e-02 4.10198607e-02
  8.94882008e-02 1.16445996e-01 2.51883781e-03 1.98927964e-03
  2.31340881e-02 1.39467022e-03 1.03887322e-03 3.64815351e-04
  3.64815351e-04 3.64815351e-04 3.64815351e-04 3.64815351e-04
  3.64815351e-04 3.64815351e-04]
 [1.03211977e-01 2.55446900e-02 1.25579126e-02 4.70176563e-02
  8.97833854e-02 7.48518435e-03 8.81848391e-03 9.72827338e-03
  9.72827338e-03 9.17177834e-03 9.72827338e-03 9.72827338e-03
  9.72827338e-03 9.72827338e-03 9.72827338e-03 9.72827338e-03
  9.72827338e-03 9.72827338e-03]
 [1.54328242e-01 4.57614325e-02 1.83647592e-02 2.86276862e-02
  8.33382383e-02 8.66263062e-02 1.39945805e-01 8.34272504e-02
  1.37932256e-01 3.82404774e-01 4.09014940e-01 4.35975999e-01
  4.35975999e-01 4.35975999e-01 4.35975999e-01 4.35975999e-01
  4.35975999e-01 4.35975999e-01]
 [6.83284327e-02 6.12948239e-02 8.79641995e-02 1.07282557e-01
  1.19109422e-01 2.82744884e-01 2.82744884e-01 2.82744884e-01
  2.82744884e-01 2.82744884e-01 2.82744884e-01 2.82744884e-01
  2.82744884e-01 2.82744884e-01 2.82744884e-01 2.73318142e-01
  2.82744884e-01 2.82744884e-01]
 [1.54563757e-02 1.83627196e-02 1.00269588e-03 1.79941021e-02
  5.57416875e-04 4.44522739e-04 1.34390267e-03 3.35350021e-04
  3.13869590e-04 5.76399150e-04 5.90189826e-04 5.90189826e-04
  5.90189826e-04 5.90189826e-04 5.90189826e-04 5.90189826e-04
  5.90189826e-04 5.90189826e-04]]
epoch:	30	rewards:	[[2.4047188e-02 1.9402497e-02 9.0476677e-02 9.3206190e-02 7.8648783e-04
  2.1791905e-03 5.2898546e-04 7.0126727e-04 4.4758865e-03 1.4555364e-04
  1.0895458e-04 6.8163208e-05 9.6756499e-05 5.3039235e-05 2.9422266e-05
  3.2019288e-05 3.4403922e-05 3.4403922e-05]
 [4.6786033e-02 2.8980955e-02 3.7668996e-02 7.3828854e-02 1.8850250e-02
  5.7147812e-02 1.0803972e-02 5.0875323e-04 8.2257256e-04 4.1543379e-02
  6.1639059e-02 6.1775066e-02 1.1960841e-03 1.0621437e-04 1.2734933e-04
  1.4497638e-04 1.5314085e-04 1.5314085e-04]
 [8.1497982e-02 3.8205095e-02 4.0475596e-03 5.2908488e-02 5.3284153e-02
  5.4024279e-02 5.2592419e-02 1.0655228e-01 5.1664929e-03 5.1664929e-03
  5.1664929e-03 5.1664929e-03 5.1664929e-03 5.1664929e-03 5.1664929e-03
  5.1664929e-03 5.1664929e-03 5.1664929e-03]
 [4.6323198e-03 4.6424497e-02 5.2408434e-02 5.2751649e-02 1.0322235e-01
  1.0109985e-01 1.3235516e-03 5.3614751e-04 3.9438298e-04 5.8080663e-04
  7.0089963e-04 9.7431528e-04 9.7431528e-04 9.7431528e-04 9.7431528e-04
  9.7431528e-04 9.7431528e-04 9.7431528e-04]
 [3.8287673e-02 3.2884046e-02 4.4948719e-02 6.9057278e-02 9.7539311e-04
  4.2041054e-04 6.0159029e-03 1.9398191e-03 3.9095759e-02 1.1401727e-03
  1.3280343e-03 1.3280343e-03 1.3280343e-03 1.3280343e-03 1.3280343e-03
  1.3280343e-03 1.3280343e-03 1.3280343e-03]]
epoch:	35	rewards:	[[4.78200987e-02 3.33157281e-04 3.65118831e-05 1.22444122e-04
  5.86297065e-05 3.61500388e-05 7.80237606e-05 3.26090158e-05
  9.40559694e-05 1.53020155e-04 2.85104215e-06 3.04015362e-06
  3.75916488e-06 4.92104664e-06 4.30870296e-06 4.62691969e-06
  4.75540583e-06 6.24718268e-06]
 [8.01783577e-02 7.16066882e-02 4.68610972e-02 7.84891844e-02
  2.18831701e-03 1.92768662e-03 3.64486035e-03 8.84887483e-03
  9.46037844e-03 9.45827924e-03 1.00772390e-02 1.00772390e-02
  1.00772390e-02 1.00772390e-02 1.00772390e-02 1.00772390e-02
  1.00772390e-02 1.00772390e-02]
 [1.54551536e-01 2.49239318e-02 7.74921030e-02 8.42972398e-02
  1.29211336e-01 1.19499594e-01 1.30659537e-04 4.05704184e-03
  1.06877218e-04 1.78310191e-04 5.61562447e-05 2.13396605e-04
  6.58973586e-05 8.23116716e-06 8.63071000e-06 8.63071000e-06
  8.63071000e-06 8.63071000e-06]
 [6.49889410e-02 5.70109561e-02 6.88293427e-02 2.20741741e-02
  4.47866246e-02 4.49152254e-02 8.23704817e-04 4.39174138e-02
  4.49078828e-02 2.72275705e-04 1.31929712e-03 2.00988515e-03
  6.61410450e-04 6.61410450e-04 6.61410450e-04 6.61410450e-04
  6.61410450e-04 6.61410450e-04]
 [4.65858320e-05 1.78137571e-02 4.01155194e-05 7.84048461e-04
  4.60437077e-05 2.42487531e-05 1.00558857e-04 3.97371114e-05
  4.81067436e-05 4.46013364e-05 1.88817467e-05 2.38712400e-05
  2.29214020e-05 3.76877360e-05 3.76877360e-05 3.76877360e-05
  3.76877360e-05 3.76877360e-05]]
epoch:	40	rewards:	[[3.68347280e-02 9.97618958e-02 6.52746707e-02 2.98088547e-02
  5.92795759e-03 1.67785573e-03 3.20763863e-03 2.58151977e-03
  5.15292923e-04 3.47399327e-04 2.42524548e-05 2.90131411e-05
  2.90131411e-05 2.90131411e-05 2.90131411e-05 2.90131411e-05
  2.90131411e-05 2.90131411e-05]
 [5.62562384e-02 3.84046473e-02 5.60863167e-02 3.77288088e-02
  9.13248882e-02 1.34896964e-01 1.43879682e-01 1.43879682e-01
  1.43879682e-01 1.43879682e-01 1.43879682e-01 1.43879682e-01
  1.43879682e-01 1.43879682e-01 1.43879682e-01 1.43879682e-01
  1.43879682e-01 1.43879682e-01]
 [3.39354835e-02 1.07814059e-01 1.12282574e-01 4.55743466e-05
  2.40709996e-05 8.68865318e-05 2.21694372e-05 4.85996725e-06
  3.88405806e-06 1.25426022e-05 3.78752011e-05 9.02428292e-06
  9.02428292e-06 9.02428292e-06 9.02428292e-06 9.02428292e-06
  9.02428292e-06 9.02428292e-06]
 [2.06705183e-02 7.11628571e-02 1.82996299e-02 5.57759516e-02
  8.25114846e-02 1.01355240e-01 1.35527700e-01 3.68843437e-03
  1.14612691e-02 1.14612691e-02 1.14612691e-02 1.14612691e-02
  1.14612691e-02 1.14612691e-02 1.14612691e-02 1.14612691e-02
  1.14612691e-02 1.14612691e-02]
 [2.13781651e-03 5.33719896e-04 7.91024324e-03 4.92742807e-02
  9.41513863e-04 2.86886562e-03 3.60551663e-03 3.60321766e-03
  6.32503629e-03 6.32503629e-03 6.32503629e-03 6.32503629e-03
  6.32503629e-03 6.32503629e-03 6.32503629e-03 6.32503629e-03
  6.32503629e-03 6.32503629e-03]]
epoch:	45	rewards:	[[4.32360917e-02 1.20982518e-02 4.38747667e-02 3.61127779e-02
  4.92204796e-04 1.77908003e-01 1.25330299e-01 5.36599495e-02
  1.42829686e-01 1.65251836e-01 1.14046049e-03 1.07852195e-03
  1.07852195e-03 1.07852195e-03 1.07852195e-03 1.07852195e-03
  1.07852195e-03 1.07852195e-03]
 [2.57745348e-02 6.23087659e-02 4.99013849e-02 3.62712629e-02
  9.12776440e-02 3.68109196e-02 1.31293342e-01 2.53332645e-01
  1.64482698e-01 2.53330976e-01 2.89515465e-01 2.89515465e-01
  2.89515465e-01 2.89515465e-01 2.89515465e-01 2.89515465e-01
  2.89515465e-01 2.89515465e-01]
 [6.94305599e-02 4.94018681e-02 1.99675169e-02 7.73334876e-02
  1.15144111e-01 9.62363780e-02 1.72830313e-01 3.33163596e-04
  3.76974567e-05 4.09130225e-05 4.09130225e-05 4.09130225e-05
  4.09130225e-05 4.09130225e-05 4.09130225e-05 4.09130225e-05
  4.09130225e-05 4.09130225e-05]
 [5.63742518e-02 6.74444214e-02 4.26817238e-02 1.84910987e-02
  1.05753243e-02 3.03259981e-03 1.80306655e-04 1.58838753e-03
  1.58678053e-03 1.69101905e-03 1.69101905e-03 1.69101905e-03
  1.69101905e-03 1.69101905e-03 1.69101905e-03 1.69101905e-03
  1.69101905e-03 1.69101905e-03]
 [5.81066832e-02 2.33616196e-02 9.45106789e-04 1.07887760e-03
  5.87615243e-04 5.70064120e-04 2.33623590e-02 2.28702463e-02
  2.33651921e-02 2.28989422e-02 2.32981388e-02 4.59568053e-02
  1.14101656e-01 2.32121572e-02 4.61963415e-02 6.92225024e-02
  3.84929735e-05 1.17955942e-05]]
epoch:	49	rewards:	[[5.82871996e-02 4.48711067e-02 1.47818893e-01 3.40173393e-01
  4.63852333e-03 2.91058095e-03 2.53631454e-03 4.97695152e-03
  6.27422065e-04 7.58249371e-04 7.58249371e-04 7.58249371e-04
  7.58249371e-04 7.58249371e-04 7.58249371e-04 7.58249371e-04
  7.58249371e-04 7.58249371e-04]
 [1.18566409e-01 1.12817511e-01 5.36295362e-02 2.07536905e-05
  1.19475328e-04 6.68818248e-04 2.87707790e-05 3.39714363e-02
  1.33012445e-05 2.90458374e-05 7.85600059e-06 1.41041310e-05
  1.33159347e-05 1.33159347e-05 1.33159347e-05 1.33159347e-05
  1.33159347e-05 1.33159347e-05]
 [3.41231078e-02 1.04732782e-01 4.77386229e-02 3.57229204e-04
  1.85922807e-04 5.45161963e-02 1.19148106e-04 6.89340886e-05
  6.71753514e-05 8.23616429e-05 3.89175912e-05 6.13712036e-05
  5.76000202e-05 5.75959384e-05 6.13712036e-05 6.13712036e-05
  6.13712036e-05 6.13712036e-05]
 [5.95543012e-02 2.58337997e-04 2.55243797e-02 5.03517352e-02
  7.55670443e-02 1.36153161e-04 7.56487697e-02 1.34229354e-04
  7.22233526e-05 1.69124000e-03 1.64382753e-03 2.55783780e-05
  4.63827055e-05 8.48135387e-05 5.81741515e-05 3.38967729e-05
  6.49381182e-05 1.04216178e-05]
 [7.03855082e-02 6.91760564e-04 5.70485592e-02 5.01946524e-05
  4.82671385e-05 1.02201395e-03 7.77857058e-05 5.90961645e-05
  2.36215099e-04 3.37261954e-05 2.43920513e-04 1.54735972e-05
  2.35324369e-05 1.95903740e-05 1.36068438e-05 2.32743469e-06
  2.83214490e-06 2.83214490e-06]]
