pre-training...
epoch:	0	nll:	1.3475875
epoch:	5	nll:	0.4558155
epoch:	10	nll:	0.40073347
epoch:	15	nll:	0.37366778
epoch:	20	nll:	0.3508349
epoch:	25	nll:	0.32908514
epoch:	30	nll:	0.30672264
epoch:	35	nll:	0.28288057
epoch:	40	nll:	0.25874007
epoch:	45	nll:	0.23829345
epoch:	50	nll:	0.22565374
epoch:	55	nll:	0.21678041
epoch:	60	nll:	0.21151975
epoch:	65	nll:	0.20504317
epoch:	70	nll:	0.19726114
epoch:	75	nll:	0.1893957
epoch:	80	nll:	0.17746097
epoch:	85	nll:	0.1666306
epoch:	90	nll:	0.19020885
epoch:	95	nll:	0.17644954
epoch:	100	nll:	0.155406
epoch:	105	nll:	0.1394411
epoch:	110	nll:	0.13184656
epoch:	115	nll:	0.12106413
adversarial training...
epoch:	0	rewards:	[[4.8354324e-03 2.0903624e-03 6.9913262e-04 3.1070171e-03 5.8032840e-02
  5.6723308e-02 1.0153642e-03 1.3337949e-03 1.7265879e-01 4.0043732e-03
  1.3318539e-03 9.8439120e-04 2.2219752e-03 2.0773731e-04 2.0773731e-04
  2.0773731e-04 2.0773731e-04 2.0773731e-04]
 [1.2200244e-01 5.2875184e-02 1.4674041e-02 8.1222085e-03 5.4279002e-03
  5.0863451e-03 9.1372440e-03 4.5971214e-03 2.3956355e-03 1.5641307e-03
  1.1018746e-03 1.4204168e-03 2.0144414e-03 2.4440601e-03 1.5812634e-03
  9.3653158e-04 2.8322525e-03 7.9921348e-04]
 [6.5374188e-02 6.7771100e-02 1.1316030e-01 1.2805957e-01 1.6207051e-01
  6.8234526e-02 1.6205098e-01 9.7694606e-02 6.8569630e-02 3.2662135e-03
  2.6976394e-03 3.3517710e-03 8.9461036e-04 4.5405893e-04 9.3988044e-04
  9.4776822e-04 8.4490370e-04 6.0908205e-04]
 [8.6405732e-02 5.5201970e-02 3.7435051e-02 8.6791553e-02 2.8275491e-03
  2.4514683e-03 8.0372803e-03 2.4500471e-02 3.2168888e-02 1.0519231e-02
  1.0519231e-02 1.0519231e-02 1.0519231e-02 1.0519231e-02 1.0519231e-02
  1.0519231e-02 1.0519231e-02 1.0519231e-02]
 [8.5838400e-02 1.0899949e-01 7.6553464e-02 4.8139621e-02 3.8164072e-03
  9.4217369e-03 2.4762262e-02 2.5334985e-03 3.2587107e-03 1.9351420e-03
  1.3529873e-03 1.4136781e-03 1.5696225e-03 1.0650058e-03 2.9146182e-04
  3.2081050e-04 2.6762611e-04 1.1945702e-04]]
epoch:	5	rewards:	[[0.05359296 0.06579338 0.01196688 0.0006101  0.00044373 0.0011155
  0.00207585 0.00040631 0.00146066 0.00192271 0.00062078 0.00069569
  0.00046936 0.00046936 0.00046936 0.00046042 0.00046936 0.00046936]
 [0.05688483 0.05288977 0.00451277 0.00431367 0.00493126 0.00388177
  0.00620591 0.00846171 0.00139226 0.00116868 0.00175636 0.00155321
  0.000955   0.00105172 0.00077079 0.00077079 0.00077079 0.00077079]
 [0.01053913 0.03100626 0.08386763 0.12369759 0.06633787 0.10024934
  0.20731324 0.10135985 0.0739926  0.01022543 0.0115779  0.0115779
  0.0115779  0.0115779  0.0115779  0.0115779  0.0115779  0.0115779 ]
 [0.02423518 0.01414262 0.03586389 0.0146219  0.06655894 0.07099503
  0.06720632 0.1593035  0.06366181 0.02029559 0.02289464 0.16305192
  0.07540523 0.11208778 0.08663835 0.1466106  0.00287402 0.001528  ]
 [0.04730202 0.05569302 0.0510632  0.0624102  0.06816123 0.06268997
  0.00412055 0.0071644  0.00568965 0.00468569 0.00332711 0.00446286
  0.00430339 0.00584643 0.01084726 0.0197333  0.02451161 0.0376743 ]]
epoch:	10	rewards:	[[2.0507509e-02 4.0715694e-02 7.9052389e-02 8.8366926e-02 1.3033199e-01
  8.1199840e-02 1.8234833e-01 1.8234833e-01 1.8234833e-01 1.8234833e-01
  1.8234833e-01 1.8234833e-01 1.7192681e-01 1.8234833e-01 1.8234833e-01
  1.8234833e-01 1.8234833e-01 1.8234833e-01]
 [7.7514820e-02 6.9656543e-02 2.9590253e-02 2.1710236e-02 3.2626522e-01
  3.4731451e-01 3.4731451e-01 3.4731451e-01 3.4731451e-01 3.4731451e-01
  3.4731451e-01 3.4731451e-01 3.4731451e-01 3.4731451e-01 3.4731451e-01
  3.4731451e-01 3.4731451e-01 3.4731451e-01]
 [4.9176496e-03 7.4127200e-03 1.8947987e-02 4.2689938e-02 4.2689938e-02
  4.2689938e-02 4.0337667e-02 4.2689938e-02 4.2689938e-02 4.2689938e-02
  4.2689938e-02 4.2689938e-02 4.2689938e-02 4.2689938e-02 4.2689938e-02
  4.2689938e-02 4.0267549e-02 4.2689938e-02]
 [7.7927195e-02 8.6578317e-02 1.2830364e-02 1.0758478e-02 2.3294548e-03
  2.0937901e-03 1.3302480e-03 3.7356794e-03 1.7913688e-03 1.2952944e-03
  8.9554500e-04 4.9389346e-04 2.8161961e-03 6.2145031e-04 4.8938516e-04
  1.0131260e-03 5.4968852e-03 8.8737383e-05]
 [5.2128173e-02 5.1186901e-02 8.7454878e-03 3.5957776e-02 2.8136889e-02
  2.4460668e-02 1.1031151e-01 2.2488063e-02 2.8742615e-03 3.3113742e-03
  3.3113742e-03 3.3113742e-03 3.1358129e-03 3.1359640e-03 3.3113742e-03
  3.3113742e-03 3.3113742e-03 3.3113742e-03]]
epoch:	15	rewards:	[[9.5390454e-02 4.6038840e-02 5.7485089e-02 7.1479738e-02 2.7904859e-02
  2.9762534e-02 2.9762534e-02 2.9762534e-02 2.9762534e-02 2.9762534e-02
  2.9762534e-02 2.9762534e-02 2.9762534e-02 2.9762534e-02 2.9762534e-02
  2.9762534e-02 2.9762534e-02 2.9762534e-02]
 [3.3584025e-02 1.4497711e-01 7.7462136e-03 8.4761359e-02 4.0212385e-03
  6.8437783e-03 2.2417086e-03 6.1935049e-02 1.2763336e-03 1.5793372e-03
  1.0963992e-03 1.5540997e-03 6.0803612e-04 5.1482907e-04 6.5638468e-04
  6.5638468e-04 6.5638468e-04 6.5638468e-04]
 [5.7419810e-02 5.7592381e-02 9.9610746e-02 6.0040224e-02 8.8194506e-03
  9.8257594e-02 2.0866659e-02 6.8568312e-02 3.8981546e-02 8.0978781e-02
  7.8375870e-03 7.8375870e-03 7.8375870e-03 7.8375870e-03 7.8375870e-03
  7.8375870e-03 7.8375870e-03 7.8375870e-03]
 [4.1780818e-02 3.2633893e-02 3.0343968e-02 3.6212705e-02 3.9102086e-03
  1.6199570e-02 2.5007164e-03 2.0586750e-03 4.4591948e-02 1.4734840e-03
  9.0495288e-02 5.4749995e-03 1.3276955e-01 1.3364804e-01 1.3309880e-01
  5.1315813e-03 1.0854271e-03 2.3219267e-04]
 [9.0217248e-02 7.3417097e-02 9.2678770e-02 8.0349885e-02 1.2676360e-01
  1.1080450e-01 2.5492465e-01 3.0973625e-01 3.0973625e-01 3.0973625e-01
  3.0973625e-01 3.0973625e-01 3.0973625e-01 3.0973625e-01 3.0973625e-01
  3.0973625e-01 3.0973625e-01 3.0973625e-01]]
epoch:	20	rewards:	[[1.20580189e-01 5.74012510e-02 3.70028615e-02 1.47807663e-02
  8.36371351e-03 6.20030425e-02 1.80335537e-01 9.28039327e-02
  6.30629510e-02 9.31558609e-02 2.33187014e-03 2.33187014e-03
  4.19363569e-05 4.19363569e-05 4.19363569e-05 4.19363569e-05
  4.19363569e-05 4.19363569e-05]
 [1.08837243e-02 1.99232131e-01 2.71819811e-02 1.00535005e-01
  3.18083316e-01 2.94610163e-05 9.37453151e-05 6.96205025e-05
  9.62184349e-05 3.75322998e-05 8.76539998e-05 5.89639749e-05
  5.87190661e-05 3.41525047e-05 2.36670949e-05 9.29728732e-04
  4.57261631e-04 7.02127069e-03]
 [8.50772858e-02 1.52885705e-01 1.58528879e-01 1.44357309e-01
  8.57735649e-02 8.50891173e-02 2.09003106e-01 3.34470253e-03
  3.43226548e-03 3.43226548e-03 3.43226548e-03 3.43226548e-03
  3.43226548e-03 3.43226548e-03 3.43226548e-03 3.43226548e-03
  3.43226548e-03 3.43226548e-03]
 [9.92798507e-02 1.38215765e-01 3.66592593e-02 6.83962703e-02
  9.22494754e-02 6.20634556e-02 3.29328440e-02 5.72236162e-03
  1.58715755e-01 6.36640415e-02 2.98039336e-03 3.34544864e-04
  3.34544864e-04 3.34544864e-04 3.34544864e-04 3.34544864e-04
  3.34544864e-04 3.34544864e-04]
 [2.16282643e-02 1.21485084e-01 1.42989337e-01 1.93725958e-01
  4.43697087e-02 1.27695382e-01 8.53408203e-02 1.67133451e-01
  2.07442403e-01 6.61576331e-01 6.61576331e-01 6.61576331e-01
  6.61576331e-01 6.61576331e-01 6.61576331e-01 6.61576331e-01
  6.61576331e-01 6.61576331e-01]]
epoch:	25	rewards:	[[0.06479982 0.00503125 0.00201007 0.00186816 0.00260974 0.00121738
  0.0009033  0.00089758 0.00114072 0.00121563 0.00121563 0.00121563
  0.00121563 0.00121563 0.00114093 0.00121563 0.00121563 0.00121563]
 [0.01326353 0.05600084 0.05918009 0.16533326 0.17615868 0.17615868
  0.17615868 0.17615868 0.17615868 0.17615868 0.17615868 0.16527179
  0.17615868 0.17615868 0.17615868 0.17615868 0.17615868 0.17615868]
 [0.10349205 0.08084271 0.08469664 0.0596966  0.00173228 0.02031224
  0.1085868  0.07261113 0.00200127 0.00200127 0.00200127 0.00200127
  0.00200127 0.00200127 0.00200127 0.00200127 0.00200127 0.00200127]
 [0.04437352 0.05166055 0.07985143 0.04987526 0.02075989 0.03798202
  0.07337783 0.05489546 0.1623156  0.0005424  0.00256361 0.00481158
  0.00101226 0.00101226 0.00101226 0.00101226 0.00101226 0.00101226]
 [0.03130495 0.04180341 0.08274372 0.06690049 0.10320777 0.06290969
  0.00115846 0.00042657 0.00100394 0.00151366 0.00119438 0.00073777
  0.00040982 0.00040982 0.00040982 0.00040982 0.00040982 0.00040982]]
epoch:	30	rewards:	[[6.7451201e-02 4.2586800e-02 3.1149317e-02 5.9542309e-02 1.6031887e-01
  2.8973089e-03 1.2803991e-01 1.2816413e-01 1.0413422e-01 2.9935359e-03
  1.9952974e-03 1.9952974e-03 1.9952974e-03 1.9952974e-03 1.9952974e-03
  1.9952974e-03 1.9952974e-03 1.9952974e-03]
 [3.1859308e-02 7.3614739e-02 2.1614647e-03 1.3582233e-07 1.1477119e-05
  1.1861857e-06 2.9661155e-06 2.2729122e-07 4.9619860e-07 7.1289219e-07
  1.0344895e-06 7.4972877e-07 2.6518936e-07 1.0077691e-06 8.1868563e-07
  1.1889498e-06 1.1889498e-06 1.1889498e-06]
 [5.1411849e-02 7.0272669e-02 2.8031834e-03 3.6631881e-03 2.9751919e-03
  7.0357992e-04 1.6791304e-03 1.7910707e-03 1.7910707e-03 1.7910707e-03
  1.7910707e-03 1.7910707e-03 1.7910707e-03 1.7910707e-03 1.7910707e-03
  1.7910707e-03 1.7910707e-03 1.7910707e-03]
 [5.7721809e-02 1.4945424e-04 5.9887633e-04 2.4111109e-04 7.3283636e-03
  6.9351064e-04 1.6036478e-04 3.9935962e-04 3.9935962e-04 3.9935962e-04
  3.9935962e-04 3.9935962e-04 3.9935962e-04 3.9935962e-04 3.9935962e-04
  3.9935962e-04 3.9935962e-04 3.9935962e-04]
 [7.4112855e-02 6.1634000e-02 9.5859155e-02 7.0204183e-02 6.3104525e-02
  4.2059496e-02 1.0912152e-03 1.6257277e-03 3.5453209e-04 2.2893733e-05
  4.6112451e-05 4.2573418e-05 1.2241452e-04 6.2023311e-05 3.7395582e-04
  3.5101775e-04 3.7395582e-04 3.7395582e-04]]
epoch:	35	rewards:	[[4.87560332e-02 4.16556150e-02 2.46522035e-02 2.77456152e-03
  5.23316157e-05 4.95844113e-04 5.78872976e-04 2.44453462e-04
  7.16837530e-04 1.41814142e-03 2.29099533e-05 3.16922014e-05
  4.49264826e-06 9.35818116e-06 6.22547486e-06 1.47040828e-05
  3.70781709e-05 1.22530457e-06]
 [7.03295171e-02 4.10009362e-02 9.32322890e-02 2.45834626e-02
  1.43239181e-03 2.46207584e-02 7.06006140e-02 2.44421568e-02
  2.74384916e-02 7.05868453e-02 1.68575317e-01 3.70226055e-01
  3.70226055e-01 3.70226055e-01 3.70226055e-01 3.70226055e-01
  3.70226055e-01 3.70226055e-01]
 [4.41012010e-02 9.30564553e-02 7.06325918e-02 6.99517503e-02
  1.42943367e-01 8.60127509e-02 1.14841640e-01 3.02792098e-02
  1.16665609e-01 1.15247309e-01 8.91919062e-02 4.39271389e-04
  4.20189637e-04 4.20189637e-04 4.20189637e-04 4.20189637e-04
  4.20189637e-04 4.20189637e-04]
 [3.75377722e-02 8.45647976e-02 2.42411066e-03 1.38609845e-03
  8.29561427e-03 8.84862803e-03 8.84862803e-03 8.84862803e-03
  8.84862803e-03 8.84862803e-03 8.84862803e-03 8.84862803e-03
  8.84862803e-03 8.84862803e-03 8.84862803e-03 8.29650369e-03
  8.84862803e-03 8.84862803e-03]
 [5.42159602e-02 9.99197811e-02 1.05275042e-01 1.18848965e-01
  1.26675099e-01 1.26675099e-01 1.26675099e-01 1.26675099e-01
  1.26675099e-01 1.18764624e-01 1.26675099e-01 1.26675099e-01
  1.26675099e-01 1.26675099e-01 1.26675099e-01 1.26675099e-01
  1.26675099e-01 1.26675099e-01]]
epoch:	40	rewards:	[[5.0816581e-02 1.3762856e-02 3.4991972e-04 7.0806935e-02 5.9850477e-02
  4.1570462e-04 6.0666181e-02 2.4256291e-02 2.4256291e-02 2.4256291e-02
  2.4256291e-02 2.4256291e-02 2.4256291e-02 2.2740550e-02 2.4256291e-02
  2.4256291e-02 2.2740621e-02 2.4256291e-02]
 [2.2209154e-02 1.1011189e-01 7.7210106e-02 8.2686640e-02 1.3561277e-01
  1.4852646e-01 3.4912198e-05 1.4592256e-04 2.0466451e-04 7.4495969e-05
  3.5098296e-06 3.5108710e-06 3.7431453e-06 3.7431453e-06 3.7431453e-06
  3.7431453e-06 3.7431453e-06 3.7431453e-06]
 [2.7747899e-03 6.6593569e-03 1.5817647e-04 3.5396220e-05 6.5728783e-04
  1.3498007e-04 6.2142978e-03 2.9612822e-05 2.2106993e-05 5.3391364e-06
  1.8944706e-06 1.8944706e-06 1.8944706e-06 1.8944706e-06 1.8944706e-06
  1.8944706e-06 1.8944706e-06 1.8944706e-06]
 [4.4759759e-04 9.1228336e-05 3.9987545e-04 2.8088281e-04 6.1219081e-04
  9.4821174e-03 1.2404096e-02 1.2900663e-02 1.4915772e-05 2.2510250e-05
  1.8944706e-06 1.7768893e-06 1.8944706e-06 1.8944706e-06 1.8944706e-06
  1.8944706e-06 1.8944706e-06 1.8944706e-06]
 [5.5082437e-02 3.6186147e-02 3.0143868e-02 1.4307704e-03 4.2818986e-02
  1.1920844e-03 1.2053902e-01 5.0594743e-02 1.1981246e-01 7.9357095e-02
  1.1050536e-03 1.1050536e-03 1.1050536e-03 1.1050536e-03 1.1050536e-03
  1.1050536e-03 1.1050536e-03 1.1050536e-03]]
epoch:	45	rewards:	[[5.97821921e-02 5.30420132e-02 1.20271079e-01 8.71550962e-02
  4.36614064e-04 2.69976887e-03 4.49720421e-04 2.79926491e-04
  7.39668205e-04 3.60066973e-04 1.11458234e-04 8.60327345e-05
  1.02057325e-04 8.78379142e-05 9.44922358e-05 9.44922358e-05
  8.85958507e-05 9.44922358e-05]
 [2.25815311e-01 4.01668623e-02 6.43934961e-03 5.93937561e-02
  5.62795699e-02 6.09258376e-02 7.05319345e-02 2.07967078e-03
  1.26544880e-02 6.84173852e-02 1.17851451e-01 6.07814826e-02
  7.42267519e-02 8.02488178e-02 9.86923836e-03 1.29427850e-01
  2.53604740e-01 2.17877906e-02]
 [5.13363816e-02 2.51603555e-02 6.97467402e-02 2.00067852e-02
  1.94803327e-02 3.76080833e-02 7.34466389e-02 3.68509926e-02
  9.17159691e-02 2.17771088e-03 3.20049585e-04 3.34227632e-04
  1.01539446e-03 4.92957013e-04 1.02827395e-03 3.04275122e-03
  1.02359510e-03 8.26334272e-08]
 [2.60532331e-02 4.18808237e-02 3.38407680e-02 3.37318406e-02
  9.33539867e-02 5.01405448e-02 9.90939066e-02 2.32523627e-04
  2.65733281e-04 2.65733281e-04 2.65733281e-04 2.65733281e-04
  2.65733281e-04 2.65733281e-04 2.65733281e-04 2.65733281e-04
  2.65733281e-04 2.65733281e-04]
 [1.13747059e-03 8.52347148e-05 1.92793366e-02 3.79580051e-05
  3.85108695e-04 6.00014173e-04 1.25366700e-04 1.43343890e-02
  2.24113697e-03 1.77095964e-04 1.78594382e-05 1.78594382e-05
  1.78594382e-05 1.78594382e-05 1.78594382e-05 1.78594382e-05
  1.78594382e-05 1.78594382e-05]]
epoch:	49	rewards:	[[9.61933401e-05 6.33757263e-02 3.16712447e-03 3.26958136e-03
  1.86081612e-04 8.93651595e-05 3.99101945e-03 3.99101945e-03
  3.99101945e-03 3.99101945e-03 3.99101945e-03 3.99101945e-03
  3.99101945e-03 3.99101945e-03 3.99101945e-03 3.99101945e-03
  3.99101945e-03 3.99101945e-03]
 [8.33459422e-02 6.64970651e-02 1.69278160e-01 1.06127545e-01
  2.31710495e-03 1.31466298e-03 1.04700937e-03 3.79793957e-04
  3.79793957e-04 3.56079341e-04 3.79793957e-04 3.79793957e-04
  3.79793957e-04 3.79793957e-04 3.79793957e-04 3.79793957e-04
  3.79793957e-04 3.79793957e-04]
 [5.09322435e-02 1.30822062e-01 9.97399256e-05 1.91606756e-03
  1.01848170e-02 2.62744804e-09 1.90027798e-08 9.33383415e-09
  9.92359617e-09 9.34823596e-09 9.92359617e-09 9.92359617e-09
  9.92359617e-09 9.92359617e-09 9.92359617e-09 9.92359617e-09
  9.92359617e-09 9.92359617e-09]
 [7.45631233e-02 2.04139799e-01 1.03577912e-01 8.84646997e-02
  1.98399619e-04 7.42211007e-04 7.42211007e-04 6.95845520e-04
  7.42211007e-04 7.42211007e-04 7.42211007e-04 7.42211007e-04
  7.42211007e-04 7.42211007e-04 7.42211007e-04 7.42211007e-04
  7.42211007e-04 7.42211007e-04]
 [4.27967198e-02 1.02301039e-01 7.35514611e-02 2.78757215e-02
  2.61334889e-02 2.78757215e-02 2.78757215e-02 2.78757215e-02
  2.61336099e-02 2.78757215e-02 2.78757215e-02 2.78757215e-02
  2.78757215e-02 2.78757215e-02 2.78757215e-02 2.78757215e-02
  2.78757215e-02 2.78757215e-02]]
