pre-training...
epoch:	0	nll:	1.3380342
epoch:	5	nll:	0.49498338
epoch:	10	nll:	0.333241
epoch:	15	nll:	0.24075368
epoch:	20	nll:	0.20342603
epoch:	25	nll:	0.18165945
epoch:	30	nll:	0.16636114
epoch:	35	nll:	0.1552495
epoch:	40	nll:	0.14463764
epoch:	45	nll:	0.13647658
epoch:	50	nll:	0.13131571
epoch:	55	nll:	0.12829444
epoch:	60	nll:	0.12605725
epoch:	65	nll:	0.12344216
epoch:	70	nll:	0.120257534
epoch:	75	nll:	0.116109885
epoch:	80	nll:	0.11024463
epoch:	85	nll:	0.7118147
epoch:	90	nll:	0.13586846
epoch:	95	nll:	0.12530413
epoch:	100	nll:	0.119425215
epoch:	105	nll:	0.1141327
epoch:	110	nll:	0.110569276
epoch:	115	nll:	0.10787345
adversarial training...
epoch:	0	rewards:	[[0.10143246 0.10572957 0.04674982 0.05537615 0.08878588 0.08878588
  0.08878588 0.08878588 0.08878588 0.08878588 0.08878588 0.08878588
  0.08878588 0.08878588 0.08878588 0.08878588 0.08878588 0.08878588]
 [0.09466338 0.04737905 0.0504028  0.07166579 0.08878588 0.08878588
  0.08878588 0.08878588 0.08878588 0.08878588 0.08878588 0.08878588
  0.08334924 0.08878588 0.08878588 0.08878588 0.08878588 0.08878588]
 [0.04546906 0.03302635 0.0586626  0.05061018 0.0131597  0.08470942
  0.25736886 0.25736886 0.25736886 0.25736886 0.25736886 0.25736886
  0.25736886 0.25736886 0.25736886 0.25736886 0.24128376 0.25736886]
 [0.0885132  0.13452126 0.06181819 0.06243161 0.08342198 0.08339238
  0.08878588 0.08878588 0.08878588 0.08878588 0.08878588 0.08878588
  0.08878588 0.08878588 0.08878588 0.08878588 0.08878588 0.08878588]
 [0.2253031  0.06685701 0.23518382 0.3361426  0.6457156  0.4895097
  0.857528   0.857528   0.857528   0.857528   0.857528   0.857528
  0.857528   0.857528   0.857528   0.857528   0.857528   0.857528  ]]
epoch:	5	rewards:	[[0.06547784 0.06352898 0.04617821 0.04474068 0.07700787 0.08198889
  0.08198889 0.08198889 0.07706605 0.08198889 0.08198889 0.08198889
  0.08198889 0.08198889 0.08198889 0.07703819 0.08198889 0.08198889]
 [0.0825299  0.0868329  0.0464025  0.1454473  0.08198889 0.08198889
  0.07699918 0.07704339 0.08198889 0.08198889 0.08198889 0.08198889
  0.08198889 0.08198889 0.08198889 0.08198889 0.08198889 0.08198889]
 [0.04856273 0.04590781 0.03474502 0.0518632  0.08198889 0.08198889
  0.08198889 0.08198889 0.08198889 0.08198889 0.08198889 0.08198889
  0.08198889 0.08198889 0.08198889 0.08198889 0.08198889 0.08198889]
 [0.07094514 0.1176225  0.28627297 0.10162938 0.25603545 0.25883445
  0.50048697 0.50048697 0.50048697 0.47043094 0.50048697 0.47073507
  0.50048697 0.50048697 0.50048697 0.50048697 0.50048697 0.50048697]
 [0.04516798 0.0550045  0.04459609 0.05260078 0.05784917 0.05784917
  0.05436961 0.05784917 0.05784917 0.05784917 0.05784917 0.05784917
  0.05784917 0.05784917 0.05784917 0.05784917 0.05784917 0.05784917]]
epoch:	10	rewards:	[[2.9525187e-02 2.9813573e-02 6.8935522e-05 1.1325645e-04 1.7810683e-04
  1.1869085e-05 1.1126704e-06 2.6259517e-07 1.3471301e-06 5.9311988e-06
  5.6368735e-06 5.9311988e-06 5.9311988e-06 5.9311988e-06 5.9311988e-06
  5.9311988e-06 5.9311988e-06 5.9311988e-06]
 [7.1690395e-02 5.2439664e-02 4.3523196e-02 6.6972442e-02 2.6697544e-03
  1.7459092e-03 2.3876571e-03 3.2851208e-04 9.9510566e-05 9.9510566e-05
  9.9510566e-05 9.4787451e-05 9.3995848e-05 9.9510566e-05 9.9510566e-05
  9.9510566e-05 9.9510566e-05 9.9510566e-05]
 [7.2385646e-02 3.3812422e-02 4.9061149e-02 5.8515858e-02 5.8515858e-02
  5.8515858e-02 5.8515858e-02 5.8515858e-02 5.5236317e-02 5.8515858e-02
  5.8515858e-02 5.8515858e-02 5.8515858e-02 5.8515858e-02 5.8515858e-02
  5.8515858e-02 5.8515858e-02 5.8515858e-02]
 [3.9057784e-02 5.0050519e-02 2.1320632e-02 2.1320632e-02 2.1320632e-02
  2.1320632e-02 2.1320632e-02 2.1320632e-02 2.1320632e-02 2.1320632e-02
  2.1320632e-02 2.1320632e-02 2.1320632e-02 2.1320632e-02 2.1320632e-02
  2.1320632e-02 2.1320632e-02 2.1320632e-02]
 [9.9493884e-02 2.7424708e-02 4.1966900e-02 5.2393310e-02 7.7699348e-02
  7.2955109e-02 7.7699348e-02 7.7699348e-02 7.7699348e-02 7.7699348e-02
  7.2977081e-02 7.7699348e-02 7.7699348e-02 7.7699348e-02 7.7699348e-02
  7.7699348e-02 7.7699348e-02 7.7699348e-02]]
epoch:	15	rewards:	[[8.1798308e-02 4.7361247e-02 5.6122456e-02 3.7822369e-02 3.0619416e-03
  5.6542341e-02 2.2306016e-02 9.5463073e-04 5.4857736e-03 5.4857736e-03
  5.4857736e-03 5.4857736e-03 5.4857736e-03 5.1559159e-03 5.4857736e-03
  5.4857736e-03 5.4857736e-03 5.4857736e-03]
 [3.9375845e-02 4.3159582e-02 4.7394533e-02 4.3012548e-02 3.8816608e-02
  1.6935672e-05 7.2228759e-06 1.4995354e-05 7.9853617e-06 1.0275903e-05
  1.0275903e-05 1.0275903e-05 1.0275903e-05 1.0275903e-05 1.0275903e-05
  9.8677892e-06 9.7049378e-06 1.0275903e-05]
 [6.1089613e-02 5.6123916e-02 4.6779074e-02 6.9821015e-02 7.5126521e-02
  7.5126521e-02 7.5126521e-02 7.5126521e-02 7.5126521e-02 7.5126521e-02
  7.5126521e-02 7.0464812e-02 7.5126521e-02 7.5126521e-02 7.5126521e-02
  7.5126521e-02 7.5126521e-02 7.5126521e-02]
 [8.7789007e-02 1.0495088e-01 7.8371413e-02 7.2035156e-02 7.2035156e-02
  7.2035156e-02 7.2035156e-02 7.2035156e-02 7.2035156e-02 7.2035156e-02
  7.2035156e-02 7.2035156e-02 7.2035156e-02 7.2035156e-02 7.2035156e-02
  7.2035156e-02 7.2035156e-02 7.2035156e-02]
 [3.1920556e-02 3.0007500e-02 3.8066551e-02 5.1446740e-02 7.0498824e-02
  7.5126536e-02 7.5126536e-02 7.5126536e-02 7.5126536e-02 7.5126536e-02
  7.0573360e-02 7.5126536e-02 7.5126536e-02 7.5126536e-02 7.5126536e-02
  7.5126536e-02 7.5126536e-02 7.5126536e-02]]
epoch:	20	rewards:	[[3.8846448e-02 3.6205422e-02 4.2348538e-02 5.2880660e-02 5.3976304e-03
  3.4157137e-04 5.0311111e-04 5.0311111e-04 5.0311111e-04 5.0311111e-04
  5.0311111e-04 5.0311111e-04 5.0311111e-04 5.0311111e-04 5.0311111e-04
  5.0311111e-04 5.0311111e-04 5.0311111e-04]
 [7.1192622e-02 1.6329086e-01 1.6586313e-01 5.7878997e-02 8.0873415e-02
  7.5849265e-02 8.0873415e-02 8.0873415e-02 8.0873415e-02 8.0873415e-02
  8.0873415e-02 8.0873415e-02 8.0873415e-02 8.0873415e-02 8.0873415e-02
  8.0873415e-02 7.5843811e-02 8.0873415e-02]
 [4.1388117e-02 6.7625821e-02 9.2465326e-02 2.7521211e-01 2.5689161e-01
  2.7522242e-01 2.5689232e-01 2.9352710e-01 2.9352710e-01 2.9352710e-01
  2.9352710e-01 2.9352710e-01 2.7524668e-01 2.9352710e-01 2.9352710e-01
  2.9352710e-01 2.9352710e-01 2.9352710e-01]
 [9.2501312e-02 1.3643783e-01 3.9704824e-03 1.3258841e-02 7.5380653e-03
  1.4079100e-04 3.9037320e-04 1.3233546e-05 2.5289042e-03 9.9579891e-05
  2.4222387e-05 1.9098266e-05 1.5430429e-05 2.2183698e-05 5.4433945e-06
  4.2790466e-06 1.4055837e-06 2.7683635e-09]
 [5.4565936e-02 2.0740837e-02 7.8946151e-02 7.1592882e-02 8.0873415e-02
  8.0873415e-02 7.5858966e-02 8.0873415e-02 8.0873415e-02 8.0873415e-02
  8.0873415e-02 7.5844876e-02 8.0873415e-02 8.0873415e-02 8.0873415e-02
  8.0873415e-02 7.5886890e-02 8.0873415e-02]]
epoch:	25	rewards:	[[7.8771338e-02 1.3102518e-01 7.6248668e-02 5.5316534e-02 8.8441893e-02
  8.8441893e-02 8.8441893e-02 8.8441893e-02 8.8441893e-02 8.8441893e-02
  8.8441893e-02 8.8441893e-02 8.8441893e-02 8.8441893e-02 8.8441893e-02
  8.8441893e-02 8.8441893e-02 8.8441893e-02]
 [9.7174704e-02 7.3693573e-02 4.8164938e-02 6.7731693e-02 6.7731693e-02
  6.7731693e-02 6.7731693e-02 6.7731693e-02 5.9343513e-02 6.7731693e-02
  6.7731693e-02 6.7731693e-02 6.7731693e-02 6.7731693e-02 6.7731693e-02
  6.7731693e-02 6.7731693e-02 6.7731693e-02]
 [4.1643426e-02 5.4569371e-02 6.0797147e-02 3.4382846e-02 2.8219579e-03
  2.0148190e-02 6.0977571e-02 3.0798720e-02 1.2129258e-01 1.1567081e-03
  8.6437329e-05 2.2008955e-04 1.1807214e-04 2.1035215e-04 1.3473051e-04
  5.5573717e-05 3.1146617e-05 5.2458341e-07]
 [3.3845458e-02 6.3422099e-02 6.0372438e-02 6.3528940e-02 3.2031599e-02
  3.8739145e-02 2.9708600e-01 2.9708600e-01 2.9708600e-01 2.9708600e-01
  2.9708600e-01 2.9708600e-01 2.9708600e-01 2.9708600e-01 2.9708600e-01
  2.9708600e-01 2.9708600e-01 2.9708600e-01]
 [4.7313374e-02 5.3171664e-02 4.2226933e-02 7.4529096e-02 8.8441856e-02
  8.8441856e-02 8.8441856e-02 8.8441856e-02 8.3155155e-02 8.8441856e-02
  8.8441856e-02 8.8441856e-02 8.2925342e-02 8.8441856e-02 8.8441856e-02
  8.8441856e-02 8.8441856e-02 8.8441856e-02]]
epoch:	30	rewards:	[[4.3716550e-02 9.4316475e-02 8.1597969e-02 8.1447318e-02 2.0143393e-02
  8.2076331e-05 4.4531564e-05 1.4784805e-06 1.1996461e-06 5.0707752e-07
  4.6590381e-07 2.8989879e-08 2.5771256e-09 1.9383259e-09 3.3448939e-09
  3.3448939e-09 3.3448939e-09 3.3448939e-09]
 [7.2199337e-02 7.0129074e-02 5.5091981e-02 4.5372784e-02 8.2440339e-02
  8.7936364e-02 8.7936364e-02 8.7936364e-02 8.2453564e-02 8.7936364e-02
  8.7936364e-02 8.7936364e-02 8.7936364e-02 8.7936364e-02 8.7936364e-02
  8.7936364e-02 8.2444936e-02 8.7936364e-02]
 [5.7685640e-02 2.4041807e-02 5.3185940e-02 5.0303731e-02 1.0402229e-01
  3.9555129e-02 3.2182202e-02 3.2103341e-02 1.2686527e-04 8.8777786e-05
  3.7822832e-04 1.3699711e-04 5.8984715e-05 5.3933857e-04 5.3933857e-04
  5.3933857e-04 5.3933857e-04 5.3933857e-04]
 [5.3799495e-02 7.5013258e-02 7.6292112e-02 7.2532311e-02 7.2532311e-02
  7.2532311e-02 7.2532311e-02 7.2532311e-02 7.2532311e-02 7.2532311e-02
  7.2532311e-02 7.2532311e-02 7.2532311e-02 7.2532311e-02 7.2532311e-02
  7.2532311e-02 7.2532311e-02 7.2532311e-02]
 [5.4977242e-02 6.8342857e-02 8.9698337e-02 2.6951787e-01 2.6951787e-01
  2.6951787e-01 2.6951787e-01 2.6951787e-01 2.6951787e-01 2.6951787e-01
  2.6951787e-01 2.6951787e-01 2.6951787e-01 2.6951787e-01 2.6951787e-01
  2.6951787e-01 2.6951787e-01 2.6951787e-01]]
epoch:	35	rewards:	[[5.98561093e-02 8.15480649e-02 8.76791924e-02 1.05389707e-01
  1.10182531e-01 1.10182531e-01 1.10182531e-01 1.10182531e-01
  1.10182531e-01 1.10182531e-01 1.10182531e-01 1.10182531e-01
  1.10182531e-01 1.10182531e-01 1.10182531e-01 1.03305705e-01
  1.10182531e-01 1.10182531e-01]
 [1.08893735e-04 1.34073271e-04 1.46746068e-04 2.20652422e-04
  1.24006503e-04 3.20688996e-04 3.20688996e-04 3.20688996e-04
  3.20688996e-04 3.20688996e-04 3.20688996e-04 3.20688996e-04
  3.20688996e-04 3.20688996e-04 3.20688996e-04 3.20688996e-04
  3.00646352e-04 3.20688996e-04]
 [5.19971475e-02 8.31060633e-02 5.34330606e-02 7.01412112e-02
  9.47350264e-02 3.59102804e-03 3.59102804e-03 3.59102804e-03
  3.59102804e-03 3.59102804e-03 3.59102804e-03 3.59102804e-03
  3.59102804e-03 3.59102804e-03 3.59102804e-03 3.59102804e-03
  3.59102804e-03 3.59102804e-03]
 [3.88148353e-02 6.39556050e-02 5.16049489e-02 6.24866113e-02
  4.79707867e-02 7.45260939e-02 1.29831070e-03 2.11636606e-03
  1.98174571e-03 7.51163452e-06 9.34872423e-06 3.19631408e-06
  1.33397252e-05 2.99512303e-05 8.13770574e-04 6.38611661e-03
  5.99476043e-03 6.38611661e-03]
 [5.89475036e-02 5.15882820e-02 5.34348153e-02 8.90388191e-02
  1.10182568e-01 1.10182568e-01 1.10182568e-01 1.10182568e-01
  1.10182568e-01 1.10182568e-01 1.10182568e-01 1.10182568e-01
  1.03296161e-01 1.10182568e-01 1.10182568e-01 1.10182568e-01
  1.10182568e-01 1.10182568e-01]]
epoch:	40	rewards:	[[7.94133812e-05 7.60459225e-05 9.75674193e-05 5.70226475e-05
  5.59185100e-05 3.79096218e-06 3.63640975e-05 3.37636920e-05
  6.67751156e-05 2.47866609e-07 2.27295320e-08 2.77497598e-08
  6.62162825e-10 6.62162825e-10 6.30358377e-10 6.62162825e-10
  6.24923890e-10 6.62162825e-10]
 [5.25311194e-02 1.05808176e-01 3.26252505e-02 9.49741304e-02
  9.03015286e-02 9.03015286e-02 9.03015286e-02 9.03015286e-02
  8.46586823e-02 8.49978849e-02 9.03015286e-02 9.03015286e-02
  9.03015286e-02 9.03015286e-02 9.03015286e-02 9.03015286e-02
  9.03015286e-02 9.03015286e-02]
 [7.96034038e-02 2.37502143e-01 7.45671685e-04 2.76631676e-03
  2.72285216e-03 4.25155461e-03 3.82201461e-06 8.75380429e-05
  8.75380429e-05 8.20669447e-05 8.75380429e-05 8.75380429e-05
  8.75380429e-05 8.75380429e-05 8.75380429e-05 8.75380429e-05
  8.75380429e-05 8.75380429e-05]
 [2.46655419e-02 7.02558681e-02 4.30113710e-02 5.58632202e-02
  9.03015286e-02 9.03015286e-02 9.03015286e-02 9.03015286e-02
  8.54199231e-02 9.03015286e-02 8.46594945e-02 9.03015286e-02
  9.03015286e-02 8.46576914e-02 9.03015286e-02 9.03015286e-02
  9.03015286e-02 9.03015286e-02]
 [1.04226887e-01 1.26523212e-01 3.97146307e-02 6.68486357e-02
  6.68486357e-02 6.26727119e-02 6.68486357e-02 6.26715198e-02
  6.26724660e-02 6.68486357e-02 6.68486357e-02 6.68486357e-02
  6.68486357e-02 6.68486357e-02 6.68486357e-02 6.68486357e-02
  6.68486357e-02 6.68486357e-02]]
epoch:	45	rewards:	[[8.73518884e-02 5.88637777e-02 8.10565129e-02 7.12877661e-02
  9.27699730e-02 9.27699730e-02 9.27699730e-02 9.27699730e-02
  9.27699730e-02 9.27699730e-02 9.27699730e-02 9.27699730e-02
  9.27699730e-02 9.27699730e-02 9.27699730e-02 9.27699730e-02
  9.27699730e-02 9.27699730e-02]
 [5.23018837e-02 3.72193791e-02 1.00031011e-01 5.80088571e-02
  4.95091639e-02 4.08466579e-03 4.35697706e-03 4.35697706e-03
  4.08495497e-03 4.35697706e-03 4.35697706e-03 4.35697706e-03
  4.35697706e-03 4.35697706e-03 4.35697706e-03 4.35697706e-03
  4.35697706e-03 4.35697706e-03]
 [5.28852902e-02 4.83424142e-02 3.73697244e-02 1.05666466e-01
  2.35932413e-04 3.45702749e-04 2.44878556e-05 1.74857647e-04
  1.74386383e-04 2.48318426e-02 6.46984726e-02 1.37367427e-01
  1.87892199e-01 8.68417646e-06 8.68417646e-06 8.68417646e-06
  8.68417646e-06 8.68417646e-06]
 [1.54648408e-01 9.33168381e-02 9.00558531e-02 5.22421412e-02
  4.91582304e-02 1.98887169e-01 7.35624254e-01 7.35624254e-01
  7.35624254e-01 7.35624254e-01 7.35624254e-01 7.35624254e-01
  7.35624254e-01 7.35624254e-01 6.89692795e-01 7.35624254e-01
  7.35624254e-01 7.35624254e-01]
 [5.25562502e-02 1.04751110e-01 5.82299344e-02 4.21392359e-02
  9.27699730e-02 9.27699730e-02 9.27699730e-02 8.69753733e-02
  9.27699730e-02 9.27699730e-02 9.27699730e-02 8.69730935e-02
  8.69731605e-02 9.27699730e-02 9.27699730e-02 9.27699730e-02
  9.27699730e-02 9.27699730e-02]]
epoch:	49	rewards:	[[3.2418199e-02 6.2545568e-02 1.2503582e-01 1.6488136e-01 9.4046481e-02
  1.4625702e-04 1.9459709e-04 2.0746663e-04 2.0746663e-04 2.0746663e-04
  1.9458003e-04 2.0746663e-04 2.0746663e-04 2.0746663e-04 2.0746663e-04
  2.0746663e-04 2.0746663e-04 2.0746663e-04]
 [3.0505193e-02 9.2566408e-02 5.8104627e-02 6.7836061e-02 6.7836061e-02
  6.3598059e-02 6.3603036e-02 6.7836061e-02 6.7836061e-02 6.3600257e-02
  6.7836061e-02 6.3596308e-02 6.7836061e-02 6.3598275e-02 6.7836061e-02
  6.7836061e-02 6.7836061e-02 6.7836061e-02]
 [8.6140811e-02 5.4608278e-02 5.9389256e-02 5.2243080e-02 6.1089575e-02
  4.7007021e-03 6.6017866e-02 2.1085708e-04 1.8456185e-04 2.1085708e-04
  2.1085708e-04 2.1085708e-04 2.1085708e-04 2.1085708e-04 2.1085708e-04
  2.1085708e-04 1.9771338e-04 2.1085708e-04]
 [3.7499204e-02 1.1516037e-01 4.2245064e-02 9.9721000e-02 8.2780287e-02
  7.7606522e-02 8.2780287e-02 8.2780287e-02 7.7606522e-02 8.2780287e-02
  8.2780287e-02 8.2780287e-02 8.2780287e-02 7.7608675e-02 8.2780287e-02
  8.2780287e-02 8.2780287e-02 8.2780287e-02]
 [4.7567666e-02 4.4279337e-02 6.5887108e-02 5.0068188e-02 4.7217604e-02
  1.6639935e-02 1.7019734e-02 7.3074356e-05 4.6436133e-05 1.8430221e-05
  1.9635965e-05 1.9635965e-05 1.9635965e-05 1.9635965e-05 1.9635965e-05
  1.8569583e-05 1.9635965e-05 1.9635965e-05]]
