pre-training...
epoch:	0	nll:	1.3557304
epoch:	5	nll:	0.51363707
epoch:	10	nll:	0.47735912
epoch:	15	nll:	0.3165385
epoch:	20	nll:	0.31880277
epoch:	25	nll:	0.31011662
epoch:	30	nll:	0.29942244
epoch:	35	nll:	0.2899356
epoch:	40	nll:	0.28004897
epoch:	45	nll:	0.27109927
epoch:	50	nll:	0.26443994
epoch:	55	nll:	0.25765035
epoch:	60	nll:	0.25035194
epoch:	65	nll:	0.24336894
epoch:	70	nll:	0.23644313
epoch:	75	nll:	0.22870891
epoch:	80	nll:	0.2197599
epoch:	85	nll:	0.21243681
epoch:	90	nll:	0.20528916
epoch:	95	nll:	0.19738044
epoch:	100	nll:	0.19245331
epoch:	105	nll:	0.18338339
epoch:	110	nll:	0.1766045
epoch:	115	nll:	0.16874947
adversarial training...
epoch:	0	rewards:	[[1.43255051e-02 1.74029521e-03 3.84449610e-03 7.85196945e-03
  3.51391995e-04 2.46265816e-04 2.99603736e-04 2.99603736e-04
  2.99603736e-04 2.64943170e-04 2.99603736e-04 2.99603736e-04
  2.99603736e-04 2.99603736e-04 2.82380526e-04 2.99603736e-04
  2.99603736e-04 2.99603736e-04]
 [1.65746972e-01 5.17262965e-02 2.49797921e-03 4.11634828e-04
  9.87063395e-04 1.30946829e-03 1.70556759e-03 1.70556759e-03
  1.60194398e-03 1.70556759e-03 1.70556759e-03 1.60139543e-03
  1.70556759e-03 1.70556759e-03 1.70556759e-03 1.62297580e-03
  1.70556759e-03 1.70556759e-03]
 [3.97450943e-03 4.01234627e-03 3.75618438e-05 4.64310317e-04
  4.49985790e-04 4.43362842e-05 3.37398997e-05 3.55509292e-05
  3.55509292e-05 3.55509292e-05 3.55509292e-05 3.55509292e-05
  3.55509292e-05 3.55509292e-05 3.55509292e-05 3.55509292e-05
  3.55509292e-05 3.55509292e-05]
 [2.13809792e-04 1.00869154e-04 1.30109256e-04 5.43388996e-05
  1.73727458e-05 7.75166245e-06 1.48639019e-05 1.58247331e-05
  1.66011596e-05 1.57212526e-05 1.66011596e-05 1.66011596e-05
  1.63287295e-05 1.58195871e-05 1.58192288e-05 1.66011596e-05
  1.58195871e-05 1.66011596e-05]
 [3.77561115e-02 4.82807718e-02 5.56710899e-01 6.95811272e-01
  7.42198646e-01 7.42198646e-01 7.42198646e-01 7.42198646e-01
  7.42198646e-01 7.42198646e-01 7.42198646e-01 7.42198646e-01
  7.42198646e-01 7.42198646e-01 7.42198646e-01 7.42198646e-01
  7.42198646e-01 7.42198646e-01]]
epoch:	5	rewards:	[[4.2677145e-02 5.1422331e-02 9.0886914e-04 7.2888000e-04 7.7671104e-04
  1.4538685e-03 2.1258830e-03 2.2471126e-03 2.2471126e-03 2.2471126e-03
  2.2471126e-03 2.2471126e-03 2.2471126e-03 2.2471126e-03 2.1163675e-03
  2.2471126e-03 2.2471126e-03 2.2471126e-03]
 [3.1391408e-02 4.5421436e-02 7.1549430e-02 1.8548644e-03 1.7950241e-04
  3.0798843e-04 2.8988812e-04 3.0798843e-04 3.0798843e-04 2.8994097e-04
  3.0798843e-04 2.8964924e-04 3.0798843e-04 3.0798843e-04 3.0798843e-04
  3.0798843e-04 3.0798843e-04 3.0798843e-04]
 [3.0965597e-04 1.4148327e-03 3.5077857e-05 5.8658090e-05 4.2435167e-05
  3.5121426e-05 3.3136490e-05 3.3136490e-05 3.3136490e-05 3.3136490e-05
  3.3136490e-05 3.1252152e-05 3.3136490e-05 3.3136490e-05 3.1208008e-05
  3.1198349e-05 3.3136490e-05 3.3136490e-05]
 [2.9210616e-02 3.5224427e-02 3.4622226e-03 6.6405913e-04 1.0707884e-02
  6.6986558e-04 6.6986558e-04 6.6986558e-04 6.6986558e-04 5.5017503e-04
  6.2951405e-04 6.6986558e-04 6.6986558e-04 6.6986558e-04 6.6986558e-04
  6.6986558e-04 6.6986558e-04 6.6986558e-04]
 [4.4902661e-03 3.1726934e-02 4.3613672e-02 1.0522547e-03 1.9089748e-04
  3.0798843e-04 3.0798843e-04 3.0798843e-04 2.8977942e-04 3.0798843e-04
  3.0798843e-04 3.0798843e-04 3.0798843e-04 3.0798843e-04 3.0798843e-04
  3.0798843e-04 3.0798843e-04 3.0798843e-04]]
epoch:	10	rewards:	[[5.21638393e-02 7.72824860e-04 2.01432798e-02 3.48944886e-04
  4.43389989e-04 4.88452963e-04 1.86194287e-04 8.19297929e-06
  2.14120118e-05 8.77299408e-06 2.56564326e-05 8.73562931e-06
  5.42948510e-06 3.90974265e-06 3.68652900e-06 2.64263381e-05
  5.98870338e-06 5.76297771e-06]
 [2.22247862e-03 1.60656124e-03 2.50997720e-04 8.36948311e-05
  1.37248047e-04 2.69610991e-05 3.85964668e-05 4.10070097e-05
  4.10070097e-05 3.86326064e-05 4.10070097e-05 3.85959247e-05
  4.10070097e-05 4.10070097e-05 4.10070097e-05 4.10070097e-05
  3.85959247e-05 4.10070097e-05]
 [5.95075823e-02 5.17645888e-02 2.17512553e-03 4.34055866e-04
  1.17935310e-03 1.25694845e-03 1.17937813e-03 1.25694845e-03
  1.25694845e-03 1.25694845e-03 1.25694845e-03 1.25694845e-03
  1.25694845e-03 1.25694845e-03 1.25694845e-03 1.25694845e-03
  1.17862469e-03 1.25694845e-03]
 [2.07750089e-02 5.89883327e-03 9.87915089e-04 2.51640828e-04
  9.09885857e-04 6.61987870e-04 6.61987870e-04 6.61987870e-04
  6.61987870e-04 6.61987870e-04 6.61987870e-04 6.61987870e-04
  6.22248161e-04 6.61987870e-04 6.23637170e-04 6.61987870e-04
  6.61987870e-04 6.61987870e-04]
 [2.38274503e-02 4.08261716e-02 8.67115334e-02 1.17244564e-01
  2.18846416e-03 2.45055929e-03 2.45055929e-03 2.45055929e-03
  2.45055929e-03 2.29928293e-03 2.45055929e-03 2.45055929e-03
  2.45055929e-03 2.45055929e-03 2.14805361e-03 2.45055929e-03
  2.14759866e-03 2.45055929e-03]]
epoch:	15	rewards:	[[1.58009231e-02 7.22903176e-04 5.16689790e-04 2.47409829e-04
  6.48910296e-04 5.62543340e-04 6.90620451e-04 6.90620451e-04
  6.47968031e-04 6.90620451e-04 6.04930741e-04 6.60801306e-04
  6.90620451e-04 6.90620451e-04 6.90620451e-04 6.90620451e-04
  6.90620451e-04 5.72454655e-06]
 [5.09171659e-05 2.76179053e-04 7.61263364e-05 5.77021956e-06
  2.20478023e-06 2.21719529e-06 2.32098546e-06 2.32098546e-06
  2.19299613e-06 2.32098546e-06 2.32098546e-06 2.20677293e-06
  2.06457980e-06 2.32098546e-06 2.32098546e-06 2.32098546e-06
  2.32098546e-06 2.32098546e-06]
 [3.00168376e-02 7.88458139e-02 1.03383824e-01 2.80584991e-01
  3.57178658e-01 4.07481223e-01 4.07481223e-01 3.82120937e-01
  4.07481223e-01 3.56781542e-01 4.07481223e-01 4.07481223e-01
  4.07481223e-01 4.07481223e-01 4.07481223e-01 4.07481223e-01
  4.07481223e-01 2.05103657e-03]
 [1.80936959e-02 5.67520456e-03 7.92808074e-04 4.04812722e-03
  5.11192530e-03 5.83536969e-03 5.83536969e-03 5.47335390e-03
  5.83536969e-03 5.83536969e-03 5.83536969e-03 5.83536969e-03
  5.11234673e-03 5.47345122e-03 5.47372364e-03 5.83536969e-03
  5.83536969e-03 5.83536969e-03]
 [1.12453541e-02 5.44776034e-04 5.43507085e-05 6.88827495e-05
  1.39398733e-04 1.39398733e-04 1.30799905e-04 1.31177876e-04
  1.39398733e-04 1.39398733e-04 1.39398733e-04 1.39398733e-04
  1.39398733e-04 1.39398733e-04 1.39398733e-04 1.39398733e-04
  1.39398733e-04 1.39398733e-04]]
epoch:	20	rewards:	[[4.38951756e-05 1.52659218e-03 1.22372701e-04 1.01579317e-05
  2.85644774e-07 7.48861964e-07 5.58450949e-07 2.26863932e-07
  2.25690485e-07 2.25735405e-07 2.39065855e-07 2.24138191e-07
  2.39065855e-07 2.39065855e-07 2.39065855e-07 2.39065855e-07
  2.39065855e-07 2.39065855e-07]
 [5.69351837e-02 2.80845705e-02 1.47348605e-04 1.26433035e-04
  2.10294398e-04 2.24284595e-04 2.10343438e-04 2.24284595e-04
  2.13324442e-04 2.24284595e-04 2.24284595e-04 2.24284595e-04
  2.10302038e-04 2.24284595e-04 2.24284595e-04 2.24284595e-04
  2.24284595e-04 2.24284595e-04]
 [9.38750418e-06 7.15129886e-07 2.61892382e-07 9.39881829e-07
  9.72460839e-07 7.35561287e-07 8.76400037e-08 5.43118901e-08
  9.01483190e-08 9.01483190e-08 9.01483190e-08 9.01483190e-08
  9.01483190e-08 9.01483190e-08 9.01483190e-08 9.01483190e-08
  9.01483190e-08 9.01483190e-08]
 [2.33274233e-02 5.25733363e-03 7.49681785e-05 3.80564484e-06
  1.66197913e-06 3.40400925e-06 3.40400925e-06 3.40400925e-06
  3.40400925e-06 3.40400925e-06 3.40400925e-06 3.40400925e-06
  3.19274932e-06 3.40400925e-06 3.40400925e-06 3.40400925e-06
  3.40400925e-06 3.40400925e-06]
 [4.52331267e-02 1.06953874e-01 1.57350942e-01 1.57165512e-01
  5.72581666e-05 1.30866858e-04 1.30866858e-04 1.30866858e-04
  1.22832760e-04 1.30866858e-04 1.30866858e-04 1.30866858e-04
  1.30866858e-04 1.30866858e-04 1.30866858e-04 1.30866858e-04
  1.30866858e-04 1.30866858e-04]]
epoch:	25	rewards:	[[2.1571074e-02 2.5242094e-02 1.3145208e-04 7.2560809e-04 1.0131855e-03
  7.9285581e-07 1.4147688e-06 7.0575766e-07 7.5048871e-07 7.8282642e-07
  7.8282642e-07 7.8282642e-07 7.4315062e-07 7.8282642e-07 7.4140024e-07
  7.8282642e-07 7.8282642e-07 7.8282642e-07]
 [1.6288285e-04 6.3671425e-02 1.2729840e-01 2.3297264e-01 2.3259236e-03
  2.6553345e-03 2.6553345e-03 2.6553345e-03 2.6553345e-03 2.6553345e-03
  2.6553345e-03 2.6553345e-03 2.6553345e-03 2.6553345e-03 2.6553345e-03
  2.6553345e-03 2.6553345e-03 2.6553345e-03]
 [1.0450999e-03 1.8519310e-02 2.2569399e-03 4.7685625e-03 4.7685625e-03
  4.4705742e-03 4.4706035e-03 4.4705933e-03 4.7685625e-03 4.7685625e-03
  4.7685625e-03 4.7685625e-03 4.4706054e-03 4.7685625e-03 4.7685625e-03
  4.7685625e-03 4.7685625e-03 4.7685625e-03]
 [5.5635032e-06 5.0970802e-06 3.5534211e-04 1.0715999e-03 5.6020399e-03
  5.6020399e-03 5.6020399e-03 5.6020399e-03 5.6020399e-03 5.6020399e-03
  5.6020399e-03 5.6020399e-03 5.6020399e-03 5.2533923e-03 5.6020399e-03
  5.6020399e-03 5.6020399e-03 5.6020399e-03]
 [1.8196318e-02 1.5730316e-04 1.9002805e-04 6.7618210e-05 1.3066988e-04
  4.6038309e-05 4.6038309e-05 4.0295949e-05 4.6038309e-05 4.6038309e-05
  4.6038309e-05 4.6038309e-05 4.6038309e-05 4.6038309e-05 4.6038309e-05
  4.6038309e-05 4.6038309e-05 4.6038309e-05]]
epoch:	30	rewards:	[[4.9151084e-05 5.5278401e-04 2.0273071e-06 7.2657213e-07 1.0093760e-07
  1.3856325e-07 1.3856325e-07 1.2991346e-07 1.3856325e-07 1.3856325e-07
  1.3856325e-07 1.2991191e-07 1.2126134e-07 1.3856325e-07 1.2991333e-07
  1.3856325e-07 1.3856325e-07 1.3856325e-07]
 [8.5540876e-02 2.8740479e-02 7.4145311e-05 1.8903945e-04 4.6385411e-04
  4.9472513e-04 4.3289745e-04 4.9472513e-04 4.9472513e-04 4.3289497e-04
  4.9472513e-04 4.9472513e-04 4.3289486e-04 4.9472513e-04 4.9472513e-04
  4.9472513e-04 4.6380915e-04 4.9472513e-04]
 [5.5631623e-04 1.1082374e-03 1.7536942e-05 3.5467609e-05 3.7832066e-05
  3.7832066e-05 3.7832066e-05 3.7832066e-05 3.7832066e-05 3.7832066e-05
  3.5469784e-05 3.7832066e-05 3.7832066e-05 3.7832066e-05 3.7832066e-05
  3.7832066e-05 3.5468409e-05 3.7832066e-05]
 [1.5921828e-04 1.4939220e-01 1.8761360e-05 2.9525787e-05 5.8619826e-05
  5.8619826e-05 5.8619826e-05 5.4957480e-05 5.8619826e-05 5.8619826e-05
  5.8619826e-05 5.8619826e-05 5.8619826e-05 5.8619826e-05 5.8619826e-05
  5.4957327e-05 5.8619826e-05 5.8619826e-05]
 [5.7449471e-02 4.8991569e-05 1.4417686e-03 1.3061734e-05 6.2976992e-06
  5.0084850e-06 5.3419549e-06 5.3419549e-06 5.3419549e-06 5.3419549e-06
  5.3419549e-06 5.3419549e-06 5.3419549e-06 5.3419549e-06 5.0082012e-06
  5.3419549e-06 5.3419549e-06 5.3419549e-06]]
epoch:	35	rewards:	[[7.9317152e-07 2.4598626e-06 3.4025516e-06 3.3004788e-05 4.6202258e-05
  4.6204241e-05 5.2802152e-05 4.9504208e-05 4.6204845e-05 5.2802152e-05
  5.2802152e-05 5.2802152e-05 4.9504328e-05 5.2802152e-05 5.2802152e-05
  5.2802152e-05 5.2802152e-05 5.2802152e-05]
 [2.0799009e-02 9.9291639e-05 1.9899488e-04 5.9822503e-07 5.0951360e-07
  7.9037727e-07 7.9037727e-07 7.4135971e-07 7.9037727e-07 7.4111119e-07
  7.4124648e-07 7.9037727e-07 7.4114280e-07 7.9037727e-07 7.9037727e-07
  7.9037727e-07 7.9037727e-07 7.9037727e-07]
 [1.1675155e-01 5.5446774e-02 1.9208207e-04 4.8768931e-04 9.6201076e-04
  9.6201076e-04 9.6201076e-04 8.4181182e-04 9.6201076e-04 9.6201076e-04
  9.6201076e-04 9.6201076e-04 9.6201076e-04 9.6201076e-04 9.6201076e-04
  9.0191164e-04 9.0191531e-04 9.6201076e-04]
 [2.1418771e-02 9.9350184e-02 2.9760983e-04 7.0613845e-05 1.8357758e-04
  1.8357758e-04 1.8357758e-04 1.8357758e-04 1.7214489e-04 1.7212912e-04
  1.8357758e-04 1.8357758e-04 1.8357758e-04 1.8357758e-04 1.7210937e-04
  1.8357758e-04 1.8357758e-04 1.8357758e-04]
 [5.2296190e-04 7.0729665e-04 2.0535724e-02 1.7570010e-01 4.2512221e-04
  4.5524345e-04 4.8555052e-04 4.8555052e-04 4.8555052e-04 4.8555052e-04
  4.8555052e-04 4.8555052e-04 4.5520443e-04 4.8555052e-04 4.8555052e-04
  4.5521947e-04 4.8555052e-04 4.8555052e-04]]
epoch:	40	rewards:	[[2.4137716e-04 2.4703863e-06 2.9482010e-07 2.2651308e-05 1.8754840e-06
  1.8754840e-06 1.8754840e-06 1.8754840e-06 1.8754840e-06 1.7586448e-06
  1.8754840e-06 1.8754840e-06 1.7602455e-06 1.8754840e-06 1.8754840e-06
  1.8754840e-06 1.8754840e-06 1.8754840e-06]
 [1.4133661e-02 9.1441078e-05 3.3424505e-05 8.0222933e-05 1.2729187e-04
  1.2729187e-04 1.2729187e-04 1.1933944e-04 1.1933901e-04 1.2729187e-04
  1.2729187e-04 1.2729187e-04 1.2729187e-04 1.2729187e-04 1.2729187e-04
  1.1933975e-04 1.1934336e-04 1.2729187e-04]
 [1.6515002e-02 5.0172132e-02 5.2758562e-03 9.2994282e-03 9.2994282e-03
  9.2994282e-03 9.2994282e-03 9.2994282e-03 9.2994282e-03 9.2994282e-03
  9.2994282e-03 9.2994282e-03 9.2994282e-03 9.2994282e-03 8.7182252e-03
  9.2994282e-03 9.2994282e-03 9.2994282e-03]
 [1.8238382e-02 6.1466349e-03 1.4229275e-04 3.0810457e-05 1.5289702e-04
  1.4351367e-04 1.5289702e-04 1.5289702e-04 1.5289702e-04 1.5289702e-04
  1.5289702e-04 1.5289702e-04 1.5289702e-04 1.5289702e-04 1.5289702e-04
  1.5289702e-04 1.5289702e-04 1.5289702e-04]
 [4.9963661e-02 3.2759871e-02 2.6868069e-05 2.3645016e-05 1.4334125e-04
  1.4334304e-04 1.5289716e-04 1.5289716e-04 1.5289716e-04 1.5289716e-04
  1.5289716e-04 1.5289716e-04 1.5289716e-04 1.5289716e-04 1.5289716e-04
  1.5289716e-04 1.5289716e-04 1.5289716e-04]]
epoch:	45	rewards:	[[6.36544200e-07 3.74272258e-09 1.36787415e-09 1.05702302e-09
  4.44450379e-11 6.62193009e-11 6.75456635e-11 3.98412249e-12
  1.51599772e-12 1.60368290e-12 1.51603599e-12 1.60368290e-12
  1.60368290e-12 1.60368290e-12 1.52159069e-12 1.50918134e-12
  1.60368290e-12 1.60368290e-12]
 [3.52050848e-02 1.01349495e-01 1.35358825e-01 7.56876834e-05
  4.59753210e-05 5.73191755e-05 5.34983992e-05 6.11393625e-05
  6.11393625e-05 5.34982210e-05 6.11393625e-05 6.11393625e-05
  6.11393625e-05 6.11393625e-05 6.11393625e-05 6.11393625e-05
  5.73192337e-05 6.11393625e-05]
 [1.37155103e-02 1.41440555e-02 9.66935128e-04 3.62123526e-03
  3.62123526e-03 3.62123526e-03 3.62123526e-03 3.62123526e-03
  3.62123526e-03 3.62123526e-03 3.62123526e-03 3.39490850e-03
  3.62123526e-03 3.62123526e-03 3.62123526e-03 3.62123526e-03
  3.62123526e-03 3.62123526e-03]
 [5.02793664e-05 1.14864804e-07 6.22502739e-07 1.28536669e-07
  5.00334032e-08 1.67201375e-09 5.58685764e-10 4.04503708e-10
  7.12713355e-09 1.62905345e-09 1.47736684e-10 2.33657788e-10
  3.44998641e-10 2.74400697e-10 4.01410638e-09 1.53824398e-10
  5.55467716e-09 1.83461607e-10]
 [8.20676796e-05 6.97482683e-05 3.74455922e-05 2.85259739e-04
  3.42307496e-04 4.56409965e-04 1.73089598e-09 1.87970001e-10
  2.79811979e-10 4.98845999e-11 5.95891461e-11 9.80985848e-11
  1.14731245e-10 1.20352617e-10 1.20352617e-10 1.20352617e-10
  1.20352617e-10 1.20352617e-10]]
epoch:	49	rewards:	[[1.8854637e-02 3.7856638e-02 1.7871213e-03 1.4820620e-06 4.4910436e-07
  1.5611953e-09 1.8884019e-07 1.8884019e-07 1.8884019e-07 1.8884019e-07
  1.8884019e-07 1.7709378e-07 1.8884019e-07 1.7708264e-07 1.8884019e-07
  1.8884019e-07 1.7711328e-07 1.8884019e-07]
 [1.3171486e-03 2.6587620e-02 3.3637363e-05 3.5277068e-08 3.0947276e-09
  1.9597231e-09 3.0218510e-09 3.2230538e-09 3.2230538e-09 3.2230538e-09
  3.0217302e-09 3.0219762e-09 3.2230538e-09 3.2230538e-09 3.2230538e-09
  3.2230538e-09 3.2230538e-09 3.2230538e-09]
 [1.2046600e-01 3.0061215e-02 2.0966481e-01 2.9935887e-01 4.7874257e-01
  4.7874257e-01 4.7874257e-01 4.7874257e-01 4.7874257e-01 4.7874257e-01
  4.7874257e-01 4.4882175e-01 4.7874257e-01 4.4882172e-01 4.7874257e-01
  4.7874257e-01 4.4882175e-01 4.7874257e-01]
 [7.5004209e-05 7.5263888e-05 8.1044647e-07 2.1013487e-07 2.9187987e-08
  2.5383066e-08 3.8806643e-08 3.8806643e-08 3.4009830e-08 3.6397445e-08
  3.4022044e-08 3.8806643e-08 3.6400689e-08 3.6419934e-08 3.8806643e-08
  3.6401545e-08 3.6406693e-08 3.8806643e-08]
 [2.6821317e-02 3.8368132e-02 7.4292734e-02 2.0341288e-01 2.9586381e-01
  2.9586381e-01 2.9586381e-01 2.9586381e-01 2.7737239e-01 2.9586381e-01
  2.9586381e-01 2.9586381e-01 2.9586381e-01 2.9586381e-01 2.9586381e-01
  2.9586381e-01 2.9586381e-01 2.9586381e-01]]
