pre-training...
epoch:	0	nll:	1.4116954
epoch:	5	nll:	0.44790876
epoch:	10	nll:	0.40371963
epoch:	15	nll:	0.34148407
epoch:	20	nll:	0.30542895
epoch:	25	nll:	0.28259975
epoch:	30	nll:	0.26769963
epoch:	35	nll:	0.25703356
epoch:	40	nll:	0.24516574
epoch:	45	nll:	0.23203875
epoch:	50	nll:	0.21993548
epoch:	55	nll:	0.19655132
epoch:	60	nll:	0.17642921
epoch:	65	nll:	0.16505888
epoch:	70	nll:	0.17077038
epoch:	75	nll:	0.1579231
epoch:	80	nll:	0.15086967
epoch:	85	nll:	0.14193732
epoch:	90	nll:	0.13741414
epoch:	95	nll:	0.13256168
epoch:	100	nll:	0.12678126
epoch:	105	nll:	0.15073627
epoch:	110	nll:	0.12574573
epoch:	115	nll:	0.120104104
adversarial training...
epoch:	0	rewards:	[[0.04812147 0.0572644  0.09165464 0.07062624 0.01675738 0.10158224
  0.06878176 0.01147923 0.00076257 0.00076257 0.00076257 0.00076257
  0.00076257 0.00076257 0.00076257 0.00076257 0.00076257 0.00076257]
 [0.07148248 0.11938298 0.05810349 0.00419003 0.02603383 0.02641177
  0.13523021 0.01190113 0.02363051 0.2037152  0.10214391 0.10338741
  0.16143997 0.16144766 0.05087174 0.14689402 0.11704627 0.00059954]
 [0.0513825  0.0349644  0.02736187 0.01927325 0.0348188  0.0044234
  0.00981575 0.0099796  0.0062949  0.00559489 0.00924391 0.00209836
  0.00390305 0.00390993 0.00645454 0.01096603 0.01322445 0.04889368]
 [0.05543175 0.05303331 0.09674717 0.08032314 0.06523982 0.0631019
  0.07441735 0.02434985 0.01146063 0.03991145 0.00560763 0.02341739
  0.02265843 0.00696215 0.00260289 0.00553136 0.00239342 0.00258953]
 [0.0537337  0.0623824  0.05489095 0.00629571 0.0597409  0.06231337
  0.08808511 0.00873966 0.01223425 0.04592006 0.02432974 0.0228264
  0.02069788 0.27162758 0.2895158  0.2895158  0.2895158  0.2895158 ]]
epoch:	5	rewards:	[[0.05147123 0.03087889 0.0606797  0.08446897 0.08446897 0.08446897
  0.08446897 0.08446897 0.08446897 0.08446897 0.08446897 0.08446897
  0.08446897 0.08446897 0.08446897 0.08446897 0.08446897 0.08446897]
 [0.06085284 0.06092379 0.0889572  0.02654788 0.03626513 0.03875291
  0.04123627 0.04123627 0.04123627 0.04123627 0.04123627 0.04123627
  0.04123627 0.03907439 0.04123627 0.04123627 0.04123627 0.04123627]
 [0.08263721 0.10095076 0.02636218 0.10911537 0.10911537 0.10911537
  0.10911537 0.10911537 0.10911537 0.10911537 0.10911537 0.10911537
  0.10911537 0.10911537 0.10911537 0.10911537 0.10911537 0.10911537]
 [0.03378705 0.02143543 0.02085167 0.02017345 0.04101887 0.02333487
  0.01237499 0.00468475 0.06934343 0.0589563  0.11014272 0.00525879
  0.06891455 0.00495006 0.02459635 0.00982318 0.00571965 0.01544601]
 [0.04400477 0.07426053 0.04041394 0.03596595 0.02804315 0.05239046
  0.00503129 0.01102306 0.0091152  0.00294719 0.01114035 0.00226545
  0.01473944 0.00339307 0.00299457 0.00157832 0.00241062 0.00424432]]
epoch:	10	rewards:	[[0.07999726 0.15120311 0.12568654 0.12638877 0.00888157 0.0648818
  0.00623979 0.02042252 0.01702197 0.02281162 0.01641017 0.00467076
  0.03855568 0.00333643 0.00127963 0.00429226 0.01011879 0.00272498]
 [0.07722802 0.15648778 0.21969062 0.21969062 0.21969062 0.21969062
  0.21969062 0.21969062 0.21969062 0.20659263 0.21969062 0.21969062
  0.21969062 0.21969062 0.21969062 0.21969062 0.21969062 0.21969062]
 [0.06171954 0.19979994 0.05499725 0.09868774 0.09868774 0.09868774
  0.09868774 0.09868774 0.09868774 0.09868774 0.09868774 0.09868774
  0.09868774 0.09868774 0.09868774 0.09868774 0.09868774 0.09868774]
 [0.15466638 0.06553618 0.04734099 0.09868774 0.09868774 0.09868774
  0.09868774 0.09868774 0.09868774 0.09868774 0.09868774 0.09868774
  0.09868774 0.09868774 0.09868774 0.09868774 0.09868774 0.09868774]
 [0.07469118 0.05369511 0.13198332 0.12304356 0.12304356 0.12304356
  0.12304356 0.12304356 0.12304356 0.12304356 0.12304356 0.12304356
  0.12304356 0.12304356 0.12304356 0.12304356 0.12304356 0.12304356]]
epoch:	15	rewards:	[[0.06622889 0.03142791 0.03683352 0.00370866 0.02542957 0.00240106
  0.06608836 0.00227551 0.00241226 0.0008586  0.00110364 0.00329456
  0.00031299 0.00023756 0.00047831 0.00078847 0.01300407 0.00463719]
 [0.08334468 0.05406899 0.15442221 0.15442221 0.14550596 0.14498495
  0.15442221 0.15442221 0.15442221 0.15442221 0.15442221 0.14582746
  0.15442221 0.15442221 0.15442221 0.15442221 0.15442221 0.15442221]
 [0.0778704  0.05669932 0.00841534 0.10912892 0.10912892 0.10912892
  0.10912892 0.10912892 0.10912892 0.10912892 0.10912892 0.10912892
  0.10912892 0.10912892 0.10912892 0.10912892 0.10912892 0.10912892]
 [0.06678184 0.06857414 0.06387348 0.1236336  0.1236336  0.11687709
  0.1236336  0.1236336  0.1236336  0.1236336  0.1236336  0.1236336
  0.1236336  0.1236336  0.1236336  0.1236336  0.1236336  0.1236336 ]
 [0.06765815 0.05775388 0.15442227 0.15442227 0.15442227 0.15442227
  0.15442227 0.15442227 0.15442227 0.14511776 0.15442227 0.15442227
  0.15442227 0.15442227 0.15442227 0.15442227 0.15442227 0.15442227]]
epoch:	20	rewards:	[[0.1112411  0.06451411 0.04693503 0.07838504 0.08356742 0.08356742
  0.08356742 0.08356742 0.08356742 0.08356742 0.08356742 0.08356742
  0.08356742 0.08356742 0.08356742 0.08356742 0.08356742 0.08356742]
 [0.05132147 0.08832289 0.03921502 0.0027218  0.03040893 0.03040893
  0.03040893 0.03040893 0.03040893 0.03040893 0.02863868 0.03040893
  0.03040893 0.03040893 0.03040893 0.03040893 0.03040893 0.03040893]
 [0.06056793 0.08852869 0.05137282 0.06425851 0.09360708 0.09187376
  0.10481382 0.10481382 0.10481382 0.09876157 0.10481382 0.10481382
  0.10481382 0.10481382 0.10481382 0.10481382 0.10481382 0.10481382]
 [0.03030934 0.09292384 0.07970057 0.05135758 0.07185709 0.0507161
  0.05289755 0.06176368 0.16331956 0.07027133 0.14286324 0.05109055
  0.00447197 0.00344072 0.00361232 0.00743198 0.000599   0.000599  ]
 [0.07184696 0.03396127 0.06610799 0.03590366 0.00260411 0.12783726
  0.00328983 0.00364675 0.00246841 0.01154155 0.0173199  0.00972408
  0.00769783 0.00278131 0.00387601 0.00387601 0.00387601 0.00387601]]
epoch:	25	rewards:	[[9.56596211e-02 1.19977258e-01 6.76586851e-02 1.42984211e-01
  6.63743094e-02 4.78616394e-02 3.08465838e-01 1.87983990e-01
  1.76106855e-01 2.71709025e-01 5.57703674e-02 1.78249896e-01
  4.19502798e-03 4.80747083e-04 6.17648242e-04 6.19010185e-04
  2.95076240e-03 5.77333994e-05]
 [2.87738983e-02 5.39735518e-03 1.41747976e-02 4.31309268e-03
  2.27907300e-02 1.27638299e-02 6.87575117e-02 3.23434100e-02
  2.24010572e-02 9.54520144e-03 6.26713336e-02 8.31050798e-02
  8.31050798e-02 8.31050798e-02 8.31050798e-02 8.31050798e-02
  8.31050798e-02 8.31050798e-02]
 [8.78274813e-02 6.02377206e-02 6.58980235e-02 4.94591054e-03
  1.85313169e-03 1.08765496e-03 1.21592975e-03 6.64944935e-04
  8.63128516e-04 5.43444185e-03 2.28460436e-03 1.48381281e-03
  1.00673665e-03 1.09670106e-02 1.57039277e-02 6.26013055e-03
  5.65564772e-03 3.04417073e-04]
 [2.64256448e-02 3.62654077e-03 1.01773525e-02 3.71528137e-03
  3.71528137e-03 3.71528137e-03 3.71528137e-03 3.71528137e-03
  3.71528137e-03 3.71528137e-03 3.71528137e-03 3.71528137e-03
  3.71528137e-03 3.71528137e-03 3.71528137e-03 3.71528137e-03
  3.71528137e-03 3.71528137e-03]
 [9.92289856e-02 1.24491952e-01 8.90914649e-02 3.72831933e-02
  7.22851828e-02 3.97546850e-02 3.64021659e-02 9.94308107e-03
  8.45019147e-03 8.78278725e-03 3.67300212e-02 3.67300212e-02
  3.67300212e-02 3.67300212e-02 3.67300212e-02 3.67300212e-02
  3.67300212e-02 3.67300212e-02]]
epoch:	30	rewards:	[[0.15776403 0.1185204  0.09472016 0.0616846  0.04896635 0.04896635
  0.04896635 0.04600576 0.04896635 0.04896635 0.0459755  0.04896635
  0.04896635 0.04896635 0.04896635 0.04896635 0.04896635 0.04896635]
 [0.05126609 0.08704428 0.07836926 0.01995903 0.00099445 0.00743003
  0.01856225 0.00108931 0.00146245 0.00120941 0.00064098 0.00193336
  0.0020622  0.0020622  0.0020622  0.0020622  0.0020622  0.0020622 ]
 [0.06395774 0.08653567 0.03990767 0.05344703 0.00142161 0.05341863
  0.00042222 0.1593151  0.05329909 0.05538341 0.0541587  0.00030556
  0.00174109 0.002457   0.10677426 0.00068424 0.00068424 0.00068424]
 [0.07583197 0.06440926 0.09371971 0.14401771 0.14401771 0.14401771
  0.14401771 0.14401771 0.14401771 0.14401771 0.14401771 0.14401771
  0.14401771 0.14401771 0.14401771 0.14401771 0.14401771 0.14401771]
 [0.072245   0.10592481 0.1883886  0.1883886  0.176846   0.1883886
  0.17666921 0.1883886  0.1883886  0.1883886  0.1883886  0.1883886
  0.1883886  0.1883886  0.1883886  0.1883886  0.1883886  0.1883886 ]]
epoch:	35	rewards:	[[8.45701769e-02 7.62778744e-02 6.12654984e-02 4.21964563e-02
  1.22437440e-01 1.05743282e-01 1.05743282e-01 1.05743282e-01
  1.05743282e-01 1.05743282e-01 1.05743282e-01 1.05743282e-01
  1.05743282e-01 1.05743282e-01 1.05743282e-01 1.05743282e-01
  1.05743282e-01 1.05743282e-01]
 [5.54394312e-02 6.73475564e-02 7.18333870e-02 1.59841254e-01
  1.93011850e-01 1.05743282e-01 1.05743282e-01 1.05743282e-01
  1.05743282e-01 1.05743282e-01 1.05743282e-01 1.05743282e-01
  1.05743282e-01 1.05743282e-01 1.05743282e-01 1.05743282e-01
  1.05743282e-01 1.05743282e-01]
 [5.23930527e-02 6.43909425e-02 3.75955366e-02 1.01562500e-01
  1.01562500e-01 1.01562500e-01 1.01562500e-01 1.01562500e-01
  1.01562500e-01 1.01562500e-01 1.01562500e-01 1.01562500e-01
  1.01562500e-01 1.01562500e-01 1.01562500e-01 1.01562500e-01
  1.01562500e-01 1.01562500e-01]
 [9.56319943e-02 5.21911494e-02 4.27963398e-02 6.00810423e-02
  1.00792351e-03 1.05319023e-01 3.17388005e-03 3.18181157e-01
  1.48302525e-01 1.55557752e-01 7.84321455e-04 4.74717319e-02
  4.73358465e-04 1.59175062e-04 9.48960483e-02 4.78826724e-02
  4.76610772e-02 6.83082151e-04]
 [4.50250916e-02 1.57155633e-01 1.84703857e-01 1.16553515e-01
  5.49026132e-02 5.70681952e-02 1.61004439e-01 3.03756387e-04
  2.18216069e-02 2.10386328e-02 1.40118890e-03 2.57667177e-03
  2.74842582e-03 2.74842582e-03 2.74842582e-03 2.74842582e-03
  2.74842582e-03 2.74842582e-03]]
epoch:	40	rewards:	[[5.8638006e-02 5.4485872e-02 4.6801944e-03 4.6096365e-03 4.9169217e-03
  4.9169217e-03 4.6120677e-03 4.9169217e-03 4.9169217e-03 4.9169217e-03
  4.9169217e-03 4.9169217e-03 4.9169217e-03 4.9169217e-03 4.9169217e-03
  4.9169217e-03 4.9169217e-03 4.9169217e-03]
 [7.8237355e-02 6.8967566e-02 4.9593270e-02 7.8752883e-02 7.7008684e-03
  3.8164914e-02 4.1540936e-02 1.8495904e-01 1.5030551e-01 1.8438902e-01
  5.1361251e-01 5.8684701e-01 5.8684701e-01 5.8684701e-01 5.8684701e-01
  5.6550086e-01 5.8684701e-01 5.8684701e-01]
 [1.1949677e-01 1.0225776e-01 3.6570575e-02 1.4149784e-01 1.4149784e-01
  1.4149784e-01 1.4149784e-01 1.4149784e-01 1.4149784e-01 1.4149784e-01
  1.3267252e-01 1.4149784e-01 1.4149784e-01 1.4149784e-01 1.4149784e-01
  1.4149784e-01 1.4149784e-01 1.4149784e-01]
 [1.1269553e-01 7.4859291e-02 7.9699978e-02 3.7883416e-02 4.0629189e-02
  4.4228092e-02 2.7608259e-03 4.6610888e-03 4.4181957e-03 2.7230396e-03
  1.4467908e-02 1.2504725e-02 5.4936870e-03 3.7750040e-04 1.6730234e-03
  1.6730234e-03 1.6730234e-03 1.6730234e-03]
 [4.7173835e-02 6.7318365e-02 4.9169217e-03 4.9169217e-03 4.9169217e-03
  4.9169217e-03 4.9169217e-03 4.9169217e-03 4.9169217e-03 4.9169217e-03
  4.9169217e-03 4.9169217e-03 4.9169217e-03 4.9169217e-03 4.9169217e-03
  4.9169217e-03 4.9169217e-03 4.9169217e-03]]
epoch:	45	rewards:	[[0.0793623  0.13522089 0.06842501 0.06358369 0.07623275 0.13271356
  0.13271356 0.13271356 0.13271356 0.13271356 0.13271356 0.13271356
  0.13271356 0.13271356 0.13271356 0.13271356 0.13271356 0.13271356]
 [0.05344072 0.06403656 0.07984412 0.07690664 0.08782276 0.08782276
  0.08782276 0.08782276 0.08782276 0.08782276 0.08782276 0.08782276
  0.08782276 0.08782276 0.08782276 0.08782276 0.08782276 0.08782276]
 [0.09442957 0.0631762  0.07614117 0.07684895 0.08782276 0.08782276
  0.08782276 0.08782276 0.08782276 0.08782276 0.08782276 0.08782276
  0.08782276 0.08782276 0.08782276 0.08782276 0.08782276 0.08782276]
 [0.12685825 0.15424854 0.10790291 0.10376064 0.11065301 0.11065301
  0.11065301 0.11065301 0.11065301 0.11065301 0.10376757 0.11065301
  0.11065301 0.11065301 0.11065301 0.11065301 0.11065301 0.11065301]
 [0.0633622  0.06211686 0.15866765 0.15866765 0.15866765 0.15866765
  0.15866765 0.15866765 0.15866765 0.15866765 0.15866765 0.15866765
  0.15866765 0.15866765 0.15866765 0.15866765 0.15866765 0.15866765]]
epoch:	49	rewards:	[[3.6432914e-02 2.5145508e-02 5.4020651e-02 8.8353030e-02 8.8353030e-02
  8.8353030e-02 8.8353030e-02 8.8353030e-02 8.8353030e-02 8.8353030e-02
  8.8353030e-02 8.8353030e-02 8.8353030e-02 8.8353030e-02 8.8353030e-02
  8.8353030e-02 8.8353030e-02 8.8353030e-02]
 [3.7236407e-02 5.4610364e-02 7.2010212e-02 7.9050370e-02 5.0024260e-02
  5.5319438e-04 9.1030777e-02 1.5141550e-01 1.8104890e-01 1.6999927e-04
  1.6999927e-04 1.6999927e-04 1.6999927e-04 1.6999927e-04 1.6999927e-04
  1.6999927e-04 1.6999927e-04 1.6999927e-04]
 [1.1966008e-01 1.0045433e-01 7.7749617e-02 7.0062868e-02 5.4742649e-02
  9.7381987e-02 9.7381987e-02 9.7381987e-02 9.7381987e-02 9.1297336e-02
  9.7381987e-02 9.7381987e-02 9.7381987e-02 9.7381987e-02 9.7381987e-02
  9.7381987e-02 9.7381987e-02 9.7381987e-02]
 [7.8778580e-02 3.2983743e-02 5.7466011e-02 1.9871872e-03 2.5385005e-02
  5.0838608e-02 5.1675454e-02 2.4737539e-03 1.0770365e-03 1.1976453e-03
  1.2774883e-03 1.2774883e-03 1.2774883e-03 1.2774883e-03 1.2774883e-03
  1.2774883e-03 1.2774883e-03 1.2774883e-03]
 [5.5035476e-02 5.4054156e-02 2.9943010e-03 3.4220482e-03 3.4220482e-03
  3.4220482e-03 3.4220482e-03 3.4220482e-03 3.4220482e-03 3.4220482e-03
  3.4220482e-03 3.4220482e-03 3.4220482e-03 3.4220482e-03 3.4220482e-03
  3.4220482e-03 3.4220482e-03 3.4220482e-03]]
