pre-training...
epoch:	0	nll:	1.3515497
epoch:	5	nll:	0.5647388
epoch:	10	nll:	0.50393766
epoch:	15	nll:	0.47348958
epoch:	20	nll:	0.44006652
epoch:	25	nll:	0.41290522
epoch:	30	nll:	0.3938474
epoch:	35	nll:	0.37721545
epoch:	40	nll:	0.3769917
epoch:	45	nll:	0.37093168
epoch:	50	nll:	0.35465983
epoch:	55	nll:	0.34362978
epoch:	60	nll:	0.32439265
epoch:	65	nll:	0.30286074
epoch:	70	nll:	0.28163064
epoch:	75	nll:	0.25725675
epoch:	80	nll:	0.24275762
epoch:	85	nll:	0.21315138
epoch:	90	nll:	0.1878028
epoch:	95	nll:	0.22570974
epoch:	100	nll:	0.19224665
epoch:	105	nll:	0.16296689
epoch:	110	nll:	0.14014924
epoch:	115	nll:	0.12326108
adversarial training...
epoch:	0	rewards:	[[0.00783413 0.01987689 0.00596831 0.00019826 0.01018583 0.12235069
  0.00034905 0.06183077 0.00127962 0.06263121 0.00231556 0.07444481
  0.07092284 0.12220117 0.19476245 0.07132912 0.10901075 0.00172087]
 [0.0174089  0.01506847 0.13147308 0.00163759 0.00168389 0.00168389
  0.00168389 0.00168389 0.00168389 0.00168389 0.00168389 0.00168389
  0.00149575 0.00168389 0.00168389 0.00168389 0.00168389 0.00168389]
 [0.0073467  0.01384395 0.04672142 0.1443735  0.16443597 0.09506824
  0.02428432 0.18873613 0.10361997 0.00598581 0.03299208 0.02253743
  0.03272078 0.0329572  0.06504104 0.06516789 0.00059814 0.00058614]
 [0.03790142 0.00721734 0.05313244 0.00140906 0.0619207  0.00241969
  0.00122265 0.06176587 0.01249604 0.00121145 0.0002319  0.00233656
  0.00433272 0.12549046 0.00042106 0.00029246 0.00033607 0.0003826 ]
 [0.01516274 0.04012036 0.01802264 0.01552066 0.01821098 0.01326026
  0.02801001 0.02332091 0.0306959  0.03065152 0.03557282 0.04057068
  0.04057068 0.03811473 0.04057068 0.04057068 0.04057068 0.04057068]]
epoch:	5	rewards:	[[1.93571951e-02 6.32284507e-02 3.33606489e-02 9.56574362e-03
  1.62900314e-02 1.84563864e-02 1.45553993e-02 1.93165038e-02
  2.05469131e-02 2.05469131e-02 2.05469131e-02 2.05469131e-02
  2.05469131e-02 2.05469131e-02 2.05469131e-02 2.05469131e-02
  2.05469131e-02 2.05469131e-02]
 [5.38360141e-02 3.70598398e-02 5.64961918e-02 1.11047581e-01
  3.07739450e-04 4.36577597e-04 3.91882029e-04 5.52642392e-04
  4.43349942e-04 4.43349942e-04 4.23933525e-04 4.43349942e-04
  4.43349942e-04 4.43349942e-04 4.43349942e-04 4.43349942e-04
  4.43349942e-04 4.43349942e-04]
 [1.84291247e-02 2.83293948e-02 6.03880361e-03 1.14401262e-02
  6.35010377e-03 2.05051228e-02 2.41426062e-02 1.79449830e-03
  1.69439916e-03 1.69434468e-03 1.79449830e-03 1.70055253e-03
  1.79449830e-03 1.79449830e-03 1.79449830e-03 1.79449830e-03
  1.79449830e-03 1.79449830e-03]
 [1.40837021e-02 1.14712603e-01 6.05493831e-03 7.97332916e-03
  2.05913140e-03 1.89170858e-03 8.88428243e-04 3.44023167e-04
  2.49399636e-02 2.49149408e-02 2.49564387e-02 7.52240070e-04
  4.76113579e-04 6.98194839e-04 6.67412300e-04 2.83910922e-04
  1.94844586e-04 2.93280493e-04]
 [3.74871343e-02 3.75336297e-02 1.07065596e-01 6.10175468e-02
  1.52794272e-01 5.22900894e-02 5.17065823e-02 2.04782993e-01
  2.08843425e-01 1.12703383e-01 5.70555567e-04 6.12461846e-03
  2.29806285e-02 1.74320508e-02 2.89912745e-02 1.34124840e-02
  6.54904754e-04 2.23014751e-04]]
epoch:	10	rewards:	[[0.05415985 0.02095133 0.02585507 0.03440117 0.08435338 0.05690039
  0.06233858 0.00466845 0.0040657  0.01037647 0.00159721 0.00193196
  0.0021376  0.00175734 0.00182214 0.00227694 0.00262299 0.00262299]
 [0.07985823 0.13274917 0.07361288 0.18379962 0.10867969 0.00485074
  0.00401577 0.00211236 0.00112704 0.00178881 0.00300302 0.00507798
  0.00042931 0.00052396 0.00052341 0.000523   0.00054604 0.00054604]
 [0.07469594 0.04249107 0.03323202 0.15056457 0.1910079  0.1794404
  0.19383343 0.19038251 0.23204733 0.23204733 0.23204733 0.2207198
  0.23204733 0.23204733 0.23204733 0.23204733 0.23204733 0.23204733]
 [0.06615302 0.10401681 0.06419916 0.00899845 0.00257907 0.00986182
  0.00255529 0.00263232 0.00263232 0.00263232 0.00263232 0.00263232
  0.00263232 0.00263232 0.00263232 0.00263232 0.00263232 0.00263232]
 [0.10803267 0.13397823 0.08599375 0.12187788 0.01795754 0.11533468
  0.07859404 0.00505303 0.00717871 0.00164667 0.00406708 0.00399378
  0.00420761 0.00420761 0.00420761 0.00420761 0.00401389 0.00420761]]
epoch:	15	rewards:	[[0.12684238 0.11430021 0.01871792 0.05885075 0.05621892 0.0049716
  0.09440417 0.05631296 0.04715328 0.29518327 0.33630806 0.1803841
  0.18127413 0.00418977 0.00627889 0.00273585 0.00614481 0.00204088]
 [0.1671843  0.10243893 0.11945159 0.10693097 0.12311061 0.16968252
  0.18638659 0.14708784 0.21993801 0.23451948 0.23451948 0.23451948
  0.23451948 0.23451948 0.23451948 0.23451948 0.23451948 0.23451948]
 [0.07800428 0.1815706  0.13353549 0.18205568 0.19223212 0.04929923
  0.0464963  0.04929923 0.04929923 0.04929923 0.04929923 0.04645973
  0.04929923 0.04649856 0.04929923 0.04929923 0.04929923 0.04929923]
 [0.01679147 0.09388287 0.03395751 0.07585026 0.08661805 0.08661805
  0.08278567 0.08661805 0.08661805 0.08661805 0.08661805 0.08661805
  0.08661805 0.08661805 0.08661805 0.08661805 0.08661805 0.08661805]
 [0.02905972 0.05990992 0.02829505 0.0166583  0.0101727  0.13295107
  0.0862687  0.09092512 0.00354183 0.00307855 0.00345162 0.00345162
  0.00345162 0.00345162 0.00345162 0.00345162 0.00331673 0.00345162]]
epoch:	20	rewards:	[[3.0729081e-02 2.8333722e-02 2.9289888e-02 1.7003907e-02 1.9022351e-02
  1.9272113e-02 6.0496724e-04 1.4684037e-03 1.2598373e-03 1.4161154e-03
  1.4377357e-03 1.5511600e-03 8.7967224e-04 5.3323380e-04 1.6454908e-04
  1.3892079e-04 2.2396499e-04 9.1822709e-05]
 [4.2496879e-02 8.2594052e-02 8.7054513e-02 6.7924373e-02 6.1932746e-02
  6.4740583e-02 7.8153878e-02 8.7875992e-02 1.0035575e-01 1.0035575e-01
  1.0035575e-01 1.0035575e-01 1.0035575e-01 1.0035575e-01 1.0035575e-01
  1.0035575e-01 1.0035575e-01 1.0035575e-01]
 [5.0513089e-02 1.0813543e-01 2.4433251e-02 4.1574151e-03 4.6231173e-02
  6.1534443e-03 4.4721337e-03 5.2074683e-03 3.8711783e-02 9.2907049e-02
  9.6044540e-02 1.2680723e-01 7.7523753e-02 9.7466238e-02 1.9840944e-01
  1.3030611e-01 8.8702459e-03 1.2430906e-02]
 [2.9369241e-02 3.4043841e-02 3.4185663e-02 3.5416535e-03 1.8484512e-02
  1.7251063e-03 5.2597569e-03 3.5473031e-03 8.9525869e-03 5.8783116e-03
  3.6266153e-03 4.6875523e-03 1.0343422e-02 1.1305966e-02 1.3755098e-02
  1.4469440e-02 1.4446397e-02 1.5288073e-02]
 [5.0383988e-03 4.7990661e-03 5.5440250e-03 1.5321640e-02 5.2039539e-03
  1.0147873e-02 2.4873674e-02 6.8496112e-03 1.5977960e-02 2.9851701e-02
  2.5929019e-02 9.1696269e-04 9.6653681e-04 1.1478635e-03 5.9363182e-04
  8.1524433e-04 1.1531729e-03 2.5649651e-04]]
epoch:	25	rewards:	[[0.09937911 0.08426773 0.06331275 0.00382091 0.00359167 0.0114587
  0.00265163 0.00224043 0.00051886 0.00049748 0.00057801 0.00131819
  0.00073057 0.00064292 0.00053808 0.00057578 0.00082544 0.00069423]
 [0.06950868 0.04452032 0.02530638 0.0532027  0.03145631 0.0075885
  0.00369541 0.00924388 0.01960977 0.00509337 0.00693437 0.01064118
  0.01755291 0.014991   0.0220609  0.02207147 0.02462888 0.02462888]
 [0.08641735 0.09344874 0.05114387 0.08391871 0.09459213 0.10648853
  0.11511264 0.10724195 0.13984469 0.13302219 0.13171318 0.13984469
  0.13984469 0.13155644 0.13984469 0.13984469 0.13984469 0.13984469]
 [0.03347738 0.02646177 0.02336293 0.00290554 0.03760194 0.04001674
  0.04770717 0.0028866  0.00376877 0.00363149 0.00364036 0.00361316
  0.00457029 0.00457029 0.00457029 0.00457029 0.00457029 0.00457029]
 [0.06648433 0.10702087 0.02342959 0.09526726 0.10215678 0.108556
  0.108556   0.108556   0.10215678 0.108556   0.10215678 0.108556
  0.10215653 0.108556   0.108556   0.108556   0.108556   0.108556  ]]
epoch:	30	rewards:	[[3.53793725e-02 3.00750099e-02 2.30696495e-03 3.01576089e-02
  6.09657839e-02 6.04585707e-02 1.18486896e-01 5.30054513e-03
  6.32832721e-02 6.15167618e-02 2.09424898e-01 2.72573680e-01
  3.31083357e-01 2.97184408e-01 2.71362215e-01 7.42361043e-03
  1.20661994e-02 1.20661994e-02]
 [7.46606961e-02 7.95431733e-02 3.47269438e-02 7.84970447e-02
  6.67225756e-03 1.59677006e-02 2.64815856e-02 2.64621470e-02
  2.81589348e-02 2.81589348e-02 2.81589348e-02 2.81589348e-02
  2.81589348e-02 2.81589348e-02 2.64521632e-02 2.81589348e-02
  2.81589348e-02 2.81589348e-02]
 [1.02081867e-02 2.67960895e-02 4.19513546e-02 1.79094390e-03
  4.51430567e-02 9.69875157e-02 1.72371720e-03 1.62889692e-03
  6.60117774e-04 4.83431766e-04 5.82086097e-04 3.19930841e-04
  7.27344537e-04 4.08695865e-04 3.69369984e-04 2.72917096e-04
  6.13157579e-04 9.69374014e-05]
 [4.66552489e-02 5.67627475e-02 5.20138144e-02 4.83197905e-02
  2.74974620e-03 9.64955017e-02 5.00998124e-02 3.58423893e-03
  4.00756719e-03 3.37664125e-04 7.70057726e-04 1.99947320e-03
  1.43294266e-04 5.65657174e-05 6.35535253e-05 4.33491841e-05
  8.02566647e-05 3.69241498e-05]
 [2.15612054e-02 9.24088433e-02 8.37539509e-02 2.71711964e-03
  3.30624729e-02 8.80616310e-04 3.63841536e-04 5.86394919e-04
  3.80073005e-04 8.54912796e-04 1.02888478e-03 6.76637806e-04
  4.48611157e-04 6.88415952e-04 4.81190909e-05 9.92862042e-05
  1.01102050e-04 2.00755603e-04]]
epoch:	35	rewards:	[[9.5765620e-02 4.5024462e-02 1.2651703e-01 8.2988560e-02 7.4185297e-02
  3.5384558e-03 2.1549517e-03 2.1549517e-03 2.1549517e-03 2.1549517e-03
  2.0221679e-03 2.1549517e-03 2.1549517e-03 2.1549517e-03 2.1549517e-03
  2.1549517e-03 2.1549517e-03 2.1549517e-03]
 [2.6583768e-02 6.2089771e-02 9.1252729e-02 5.2805156e-02 5.2981034e-02
  6.1426546e-02 4.3096576e-02 4.9075845e-04 9.0297800e-04 7.7671133e-04
  2.7583490e-04 2.1432023e-04 1.9348988e-04 3.6702546e-05 6.9579022e-05
  4.5808978e-05 1.0721892e-04 4.4870001e-04]
 [5.0564744e-03 1.2290988e-01 9.7898677e-02 6.1218841e-03 3.5200221e-03
  8.6663465e-05 1.3068166e-02 7.9613464e-04 3.3279960e-03 9.7945184e-03
  1.7237433e-04 4.3128381e-04 4.3128381e-04 4.3128381e-04 4.3128381e-04
  4.3128381e-04 4.3128381e-04 4.3128381e-04]
 [1.2862274e-02 6.4951085e-02 7.7271596e-02 2.7813420e-02 2.9224727e-02
  2.1906987e-02 2.1463204e-02 1.0236137e-05 1.3540339e-05 1.0281241e-05
  9.5473051e-06 5.1518305e-06 1.2576133e-06 3.7769987e-06 8.4869595e-07
  8.4462727e-07 7.4608681e-07 1.2177553e-07]
 [8.4171988e-02 5.4442417e-02 7.7588446e-02 2.9681656e-03 1.0754395e-03
  2.8149140e-04 1.5153190e-03 1.6135597e-03 1.6135597e-03 1.6135597e-03
  1.6135597e-03 1.6135597e-03 1.6135597e-03 1.6135597e-03 1.6135597e-03
  1.6135597e-03 1.6135597e-03 1.6135597e-03]]
epoch:	40	rewards:	[[4.40634899e-02 6.75654933e-02 2.68807113e-02 2.74339188e-02
  5.37226349e-02 6.16943435e-05 3.49286802e-06 2.62532085e-05
  2.15562904e-05 3.08296876e-05 1.92029147e-05 3.17066588e-05
  2.44967905e-05 1.13740243e-04 1.02385689e-04 1.19391414e-04
  1.35064576e-04 2.23487674e-04]
 [3.04988480e-05 1.52054665e-04 4.54485489e-05 3.28339403e-04
  3.33876233e-04 7.20188327e-05 8.47162883e-05 6.27251720e-05
  4.82940504e-06 1.86925063e-05 1.86925063e-05 1.86925063e-05
  1.86925063e-05 1.86925063e-05 1.86925063e-05 1.86925063e-05
  1.86925063e-05 1.86925063e-05]
 [7.71269351e-02 1.97384991e-02 1.46939475e-02 3.23184840e-02
  4.11244631e-02 2.93746330e-02 3.81926410e-02 4.40619141e-02
  4.40675616e-02 4.69993763e-02 4.69993763e-02 4.69993763e-02
  4.69993763e-02 4.69993763e-02 4.69993763e-02 4.69993763e-02
  4.40965220e-02 4.69993763e-02]
 [4.13035266e-02 2.24311389e-02 2.69201342e-02 2.68459991e-02
  2.68146582e-02 1.34580834e-02 2.69961767e-02 1.51183235e-03
  4.16081510e-02 2.69951876e-02 5.38141392e-02 6.44196598e-06
  2.55227787e-05 1.21755947e-05 1.26057157e-05 5.31856404e-06
  1.96060319e-06 4.67563922e-07]
 [3.60256210e-02 6.78839013e-02 3.88545506e-02 1.69085700e-03
  5.21358685e-04 6.80322573e-02 6.75534904e-02 3.46182585e-02
  1.11006021e-01 1.06341079e-01 3.60054728e-05 8.34627062e-05
  3.27280868e-04 3.27280868e-04 3.27280868e-04 3.27280868e-04
  3.27280868e-04 3.27280868e-04]]
epoch:	45	rewards:	[[5.46515398e-02 9.09245908e-02 3.48752886e-02 5.32115363e-02
  4.90126060e-03 3.76561802e-04 4.87140231e-02 1.18154123e-04
  1.85284574e-04 4.88622747e-02 1.02317054e-03 4.06403888e-05
  2.03673705e-03 5.15582913e-04 1.04192435e-03 3.56527232e-03
  2.57711718e-03 4.72360407e-05]
 [2.08098572e-02 7.94942528e-02 6.83073029e-02 3.61305289e-02
  1.00467332e-01 1.17167152e-01 1.15039080e-01 1.32966965e-01
  2.14406013e-01 2.13276938e-01 4.04890103e-04 4.48152801e-04
  3.74388328e-04 2.69836048e-04 1.58221286e-04 2.48535885e-04
  3.41389503e-04 3.60973179e-04]
 [1.13302539e-03 1.20053985e-04 3.38136626e-04 4.41893644e-04
  6.41585257e-06 9.14376778e-06 6.74190915e-06 3.48643721e-06
  7.72011276e-07 1.21524608e-05 1.46620714e-05 1.22888050e-05
  1.76583035e-05 9.32794228e-06 1.48877261e-05 6.18820923e-06
  1.75686291e-05 4.55959271e-05]
 [8.92299402e-04 1.40564621e-03 1.19161897e-03 6.68901601e-04
  6.88049418e-04 1.97426416e-03 6.96403322e-06 1.55705438e-05
  6.58039016e-06 1.32197938e-05 1.03968814e-05 9.31810973e-06
  3.50445844e-05 6.01019492e-05 4.16272815e-05 5.68891846e-05
  4.54273104e-05 9.27456567e-05]
 [7.88715109e-02 8.71069953e-02 4.84318770e-02 2.49163248e-02
  2.55346559e-02 6.46866916e-04 2.19365885e-03 1.12116351e-04
  5.16281289e-05 9.24120541e-05 3.18147577e-05 1.86765010e-05
  9.75602416e-06 2.71771660e-05 2.35889656e-05 2.54790375e-05
  3.85753883e-05 6.06104732e-05]]
epoch:	49	rewards:	[[5.71596213e-02 8.93674046e-02 3.08375973e-02 6.06961958e-02
  3.35076591e-03 2.05633158e-04 1.11846457e-05 1.96098772e-04
  3.32513700e-05 1.07653643e-04 1.94092616e-04 1.06399406e-04
  2.86256227e-06 2.07134440e-06 5.04285208e-06 4.45184423e-06
  9.97329266e-07 1.98646319e-07]
 [1.01668514e-01 7.68130347e-02 3.39057781e-02 4.28363644e-02
  4.33364846e-02 8.56872573e-02 1.04649894e-01 7.42798224e-02
  1.26612619e-01 1.56644106e-01 1.36622235e-01 1.56735659e-01
  1.67034701e-01 1.67034701e-01 1.67034701e-01 1.67034701e-01
  1.67034701e-01 1.67034701e-01]
 [1.27949705e-02 5.71603253e-02 1.03717640e-01 1.35060057e-01
  1.35060057e-01 1.35060057e-01 1.35060057e-01 1.26625344e-01
  1.26631871e-01 1.35060057e-01 1.35060057e-01 1.35060057e-01
  1.35060057e-01 1.35060057e-01 1.26720175e-01 1.35060057e-01
  1.26622558e-01 1.35060057e-01]
 [8.57520401e-02 6.49341568e-02 5.18868119e-02 1.35060057e-01
  1.35060057e-01 1.35060057e-01 1.35060057e-01 1.26720145e-01
  1.35060057e-01 1.26622930e-01 1.35060057e-01 1.35060057e-01
  1.35060057e-01 1.26623541e-01 1.35060057e-01 1.35060057e-01
  1.26624316e-01 1.35060057e-01]
 [2.06099860e-02 1.05149396e-01 5.43343946e-02 1.59462608e-04
  3.48204710e-02 3.46077010e-02 5.33959304e-04 8.50831566e-04
  3.24087305e-04 3.39428487e-04 3.61271232e-04 3.61271232e-04
  3.61271232e-04 3.61271232e-04 3.61271232e-04 3.38827434e-04
  3.61271232e-04 3.61271232e-04]]
