pre-training...
epoch:	0	nll:	1.3485515
epoch:	5	nll:	0.6070475
epoch:	10	nll:	0.41627264
epoch:	15	nll:	0.34638596
epoch:	20	nll:	0.31521675
epoch:	25	nll:	0.27575874
epoch:	30	nll:	0.25140598
epoch:	35	nll:	0.24134365
epoch:	40	nll:	0.2300769
epoch:	45	nll:	0.21708976
epoch:	50	nll:	0.20781511
epoch:	55	nll:	0.20104606
epoch:	60	nll:	0.19404045
epoch:	65	nll:	0.18746036
epoch:	70	nll:	0.18115455
epoch:	75	nll:	0.17429276
epoch:	80	nll:	0.16641235
epoch:	85	nll:	0.15777025
epoch:	90	nll:	0.14795223
epoch:	95	nll:	0.13986352
epoch:	100	nll:	0.1327208
epoch:	105	nll:	0.12589534
epoch:	110	nll:	0.119991615
epoch:	115	nll:	0.11414417
adversarial training...
epoch:	0	rewards:	[[0.01830091 0.03103282 0.01715687 0.0420301  0.04482944 0.04482944
  0.04482944 0.04482944 0.04482944 0.04482944 0.04482944 0.04482944
  0.04482944 0.04482944 0.04482944 0.04482944 0.04214629 0.04482944]
 [0.02374894 0.03188244 0.01491182 0.00071583 0.05641704 0.00083641
  0.00087913 0.00087913 0.00083031 0.00087913 0.00077839 0.00082921
  0.00087913 0.00087913 0.00087913 0.00087913 0.00083305 0.00087913]
 [0.02116066 0.01779219 0.02200363 0.00183398 0.00303188 0.00323241
  0.00323241 0.00304649 0.00323241 0.00323241 0.00323241 0.00323241
  0.00323241 0.00323241 0.00323241 0.00323241 0.00323241 0.00323241]
 [0.01899057 0.01051808 0.01441592 0.00272914 0.00120838 0.00181707
  0.0019355  0.0019355  0.0019355  0.0019355  0.0019355  0.0019355
  0.0019355  0.0019355  0.0019355  0.0019355  0.0019355  0.0019355 ]
 [0.01863084 0.02460422 0.03166505 0.03166505 0.03166505 0.03166505
  0.03166505 0.03166505 0.03166505 0.03166505 0.03166505 0.03166505
  0.03166505 0.02976004 0.03166505 0.03166505 0.03166505 0.03166505]]
epoch:	5	rewards:	[[2.7472164e-02 3.4526259e-02 2.1586811e-02 1.8386737e-02 6.7590130e-03
  1.1951521e-01 1.2614840e-01 2.8354296e-01 6.4087003e-02 3.8825341e-03
  3.1139683e-03 4.3381518e-03 1.0059434e-03 1.1408452e-03 6.4894411e-04
  3.3578355e-04 3.7532373e-04 5.4442891e-05]
 [8.9224994e-02 3.0469632e-02 4.7617175e-02 4.7617175e-02 4.7617175e-02
  4.4803709e-02 4.7617175e-02 4.7617175e-02 4.7617175e-02 4.7617175e-02
  4.7617175e-02 4.7617175e-02 4.7617175e-02 4.7617175e-02 4.7617175e-02
  4.7617175e-02 4.7617175e-02 4.7617175e-02]
 [2.3932600e-02 3.5494439e-02 2.1948410e-02 5.6274936e-02 5.2988596e-02
  5.6274936e-02 5.2956264e-02 5.6274936e-02 5.6274936e-02 5.6274936e-02
  5.6274936e-02 5.6274936e-02 5.6274936e-02 5.6274936e-02 5.6274936e-02
  5.2972671e-02 5.6274936e-02 5.6274936e-02]
 [2.5487255e-02 2.5668478e-02 1.1815692e-02 1.0496640e-03 2.0151220e-03
  8.0854614e-04 9.3582331e-04 4.8543900e-04 8.1686064e-04 3.8470075e-04
  4.5295479e-04 5.0652825e-04 3.5358273e-04 2.6210587e-04 1.2346186e-03
  1.5639902e-04 1.3938181e-04 6.5255731e-06]
 [3.2430403e-02 1.1248531e-02 2.8131332e-02 4.8015537e-03 7.9518603e-03
  7.7016703e-03 7.0067742e-03 5.9540517e-04 6.2610232e-04 6.4609619e-04
  1.2711795e-03 2.2490842e-04 2.0785954e-04 5.7112327e-05 1.4240254e-04
  2.7469174e-05 3.7678288e-05 3.5647481e-05]]
epoch:	10	rewards:	[[0.0383865  0.03796243 0.0304926  0.0721478  0.07223541 0.07695572
  0.07695572 0.07695572 0.07695572 0.07695572 0.07695572 0.07695572
  0.07695572 0.07695572 0.07695572 0.07695572 0.07695572 0.07695572]
 [0.09789249 0.03439783 0.04745387 0.04745387 0.04745387 0.04745387
  0.04745387 0.04745387 0.04745387 0.04745387 0.04745387 0.04745387
  0.04745387 0.04745387 0.04745387 0.04745387 0.04745387 0.04745387]
 [0.03462766 0.04218373 0.04745387 0.04456807 0.04745387 0.04745387
  0.04745387 0.04745387 0.04745387 0.04745387 0.04745387 0.0445663
  0.04745387 0.04745387 0.04745387 0.04455791 0.04745387 0.04745387]
 [0.03400195 0.03656466 0.03667184 0.05260315 0.06441313 0.06441313
  0.06441313 0.06441313 0.06441313 0.06441313 0.06441313 0.06063183
  0.06441313 0.06441313 0.06441313 0.06441313 0.06441313 0.06441313]
 [0.03632267 0.03005913 0.08059569 0.0603969  0.06441313 0.06055392
  0.06441313 0.06441313 0.06441313 0.06049291 0.06441313 0.06441313
  0.06441313 0.06441313 0.06441313 0.06441313 0.06441313 0.06441313]]
epoch:	15	rewards:	[[3.2170083e-02 4.5736987e-02 3.1362392e-02 7.0472538e-02 7.0472538e-02
  7.0472538e-02 7.0472538e-02 7.0472538e-02 7.0472538e-02 7.0472538e-02
  7.0472538e-02 7.0472538e-02 7.0472538e-02 7.0472538e-02 7.0472538e-02
  7.0472538e-02 7.0472538e-02 7.0472538e-02]
 [4.3262977e-02 3.6861476e-02 4.2905539e-02 6.6070497e-02 7.0472538e-02
  7.0472538e-02 7.0472538e-02 7.0472538e-02 6.6762201e-02 7.0472538e-02
  7.0472538e-02 7.0472538e-02 7.0472538e-02 7.0472538e-02 7.0472538e-02
  7.0472538e-02 7.0472538e-02 7.0472538e-02]
 [1.1723882e-02 3.1735353e-02 4.4534702e-02 4.4534702e-02 4.4534702e-02
  4.4534702e-02 4.4534702e-02 4.4534702e-02 4.4534702e-02 4.4534702e-02
  4.4534702e-02 4.4534702e-02 4.4534702e-02 4.4534702e-02 4.4534702e-02
  4.4534702e-02 4.4534702e-02 4.4534702e-02]
 [2.3523353e-02 3.8913678e-02 3.4103088e-02 2.3786987e-03 1.2909299e-03
  3.3904274e-04 1.6589474e-03 3.8414702e-03 3.2475374e-03 3.2854413e-03
  9.6513875e-05 2.6684487e-05 8.9188885e-05 8.7984854e-06 8.9299820e-06
  8.9299820e-06 8.9299820e-06 8.9299820e-06]
 [3.7499495e-02 5.1067617e-02 2.4680289e-02 1.0068100e-03 1.7552391e-03
  6.7871488e-03 3.8777543e-03 2.1940313e-04 5.3113623e-04 2.3247621e-03
  1.9496768e-04 6.0969403e-05 1.5462095e-04 4.5749885e-06 1.5445226e-05
  3.5932828e-06 9.0159492e-06 2.0005395e-05]]
epoch:	20	rewards:	[[3.4501664e-02 3.8544580e-02 3.9980777e-02 3.9980777e-02 3.9980777e-02
  3.9980777e-02 3.7698179e-02 3.9980777e-02 3.9980777e-02 3.9980777e-02
  3.9980777e-02 3.9980777e-02 3.9980777e-02 3.9980777e-02 3.9980777e-02
  3.9980777e-02 3.9980777e-02 3.9980777e-02]
 [4.6604306e-02 3.6800090e-02 3.7520431e-02 9.1528192e-02 9.7350702e-02
  9.7350702e-02 9.7350702e-02 9.1310553e-02 9.7350702e-02 9.7350702e-02
  9.7350702e-02 9.7350702e-02 9.7350702e-02 9.7350702e-02 9.7350702e-02
  9.7350702e-02 9.7350702e-02 9.7350702e-02]
 [2.8747119e-02 3.7281796e-02 1.7230313e-02 3.2470912e-02 9.1757189e-04
  3.0285868e-04 4.2578398e-04 1.0622030e-03 5.5893726e-04 8.8792277e-04
  9.4709342e-04 9.4709342e-04 9.4709342e-04 8.9041179e-04 9.4709342e-04
  9.4709342e-04 9.4709342e-04 9.4709342e-04]
 [5.0783761e-02 2.2071196e-02 5.6500308e-02 5.6254765e-04 9.1199356e-05
  1.4640584e-04 2.0070099e-04 1.7911837e-04 1.8607191e-04 1.8607191e-04
  1.8607191e-04 1.8607191e-04 1.8607191e-04 1.8607191e-04 1.7475948e-04
  1.8607191e-04 1.8607191e-04 1.8607191e-04]
 [3.1309292e-02 4.3513980e-02 3.7058845e-02 9.7350709e-02 9.7350709e-02
  9.7350709e-02 9.7350709e-02 9.7350709e-02 9.7350709e-02 9.7350709e-02
  9.7350709e-02 9.7350709e-02 9.7350709e-02 9.7350709e-02 9.7350709e-02
  9.7350709e-02 9.7350709e-02 9.7350709e-02]]
epoch:	25	rewards:	[[2.45674700e-02 4.26513031e-02 4.24042903e-02 4.24042903e-02
  4.24042903e-02 3.97884510e-02 4.24042903e-02 4.24042903e-02
  4.24042903e-02 4.24042903e-02 4.24042903e-02 4.24042903e-02
  4.24042903e-02 4.24042903e-02 4.24042903e-02 4.24042903e-02
  4.24042903e-02 4.24042903e-02]
 [4.40328848e-03 8.98923085e-04 7.18099589e-04 1.51474250e-03
  3.95663592e-05 4.08726628e-05 4.75935667e-05 4.52091299e-05
  1.03208731e-04 9.68541353e-05 1.03208731e-04 1.03208731e-04
  1.03208731e-04 1.03208731e-04 1.03208731e-04 1.03208731e-04
  1.03208731e-04 1.03208731e-04]
 [1.08646369e-02 2.61443760e-02 2.61383988e-02 3.05904238e-03
  2.89204251e-03 1.22781610e-03 2.15915497e-03 6.23480529e-02
  7.68191821e-04 2.91562779e-03 5.41701615e-02 6.63067400e-02
  2.50653666e-03 2.46459938e-04 1.40710664e-03 5.65785507e-04
  1.74171384e-03 1.02861814e-04]
 [2.98537370e-02 3.19746919e-02 3.59758884e-02 7.08616513e-04
  5.01872152e-02 4.54843714e-04 1.26630184e-04 3.09801399e-05
  3.81992540e-05 1.68225470e-05 1.82574895e-05 2.83697973e-05
  7.27047245e-06 1.20016455e-04 6.68442153e-05 1.50320484e-04
  4.12523295e-05 2.81401502e-04]
 [3.89360301e-02 4.51417007e-02 3.12188100e-02 6.62648752e-02
  7.06770420e-02 7.06770420e-02 7.06770420e-02 7.06770420e-02
  7.06770420e-02 7.06770420e-02 7.06770420e-02 6.63234144e-02
  7.06770420e-02 7.06770420e-02 7.06770420e-02 7.06770420e-02
  7.06770420e-02 7.06770420e-02]]
epoch:	30	rewards:	[[2.7247651e-02 4.0477421e-02 5.9531396e-03 3.9946710e-04 8.2248304e-04
  6.4668064e-03 6.0243087e-06 2.3806659e-03 8.5747112e-03 1.0692264e-02
  3.4366781e-04 2.3538258e-02 2.3449708e-02 8.7037530e-05 1.3012890e-03
  5.3963824e-03 2.3236196e-02 9.5250504e-03]
 [9.9377468e-02 9.6114337e-02 3.0785706e-02 7.0882447e-02 8.1008092e-02
  8.1008092e-02 8.1008092e-02 8.1008092e-02 8.1008092e-02 8.1008092e-02
  8.1008092e-02 8.1008092e-02 8.1008092e-02 8.1008092e-02 8.1008092e-02
  8.1008092e-02 8.1008092e-02 8.1008092e-02]
 [3.0788066e-02 3.7140861e-02 2.8956678e-02 2.5979634e-03 1.2596910e-03
  3.7548833e-03 1.7104344e-03 5.9870739e-02 9.9292155e-03 9.9292155e-03
  9.3203038e-03 9.9292155e-03 9.9292155e-03 9.9292155e-03 9.9292155e-03
  9.9292155e-03 9.9292155e-03 9.9292155e-03]
 [3.4527168e-02 3.7383124e-02 3.0429598e-02 6.0144685e-02 1.2034695e-01
  1.2067689e-01 9.5847063e-04 1.0223531e-03 1.0223531e-03 1.0223531e-03
  1.0223531e-03 9.5897890e-04 9.7210472e-04 1.0223531e-03 1.0223531e-03
  1.0223531e-03 1.0223531e-03 1.0223531e-03]
 [2.8812550e-02 4.0538002e-02 2.5431275e-02 7.0890665e-02 8.1008084e-02
  8.1008084e-02 8.1008084e-02 8.1008084e-02 8.1008084e-02 8.1008084e-02
  8.1008084e-02 8.1008084e-02 8.1008084e-02 8.1008084e-02 8.1008084e-02
  8.1008084e-02 8.1008084e-02 8.1008084e-02]]
epoch:	35	rewards:	[[4.6350315e-02 3.3908095e-02 2.7841439e-02 1.0247946e-01 1.0247946e-01
  1.0247946e-01 1.0247946e-01 1.0247946e-01 1.0247946e-01 1.0247946e-01
  1.0247946e-01 1.0247946e-01 1.0247946e-01 1.0247946e-01 1.0247946e-01
  1.0247946e-01 1.0247946e-01 1.0247946e-01]
 [3.8335256e-02 2.5494419e-02 1.3610482e-02 8.9778922e-02 1.0247946e-01
  1.0247946e-01 1.0247946e-01 1.0247946e-01 1.0247946e-01 1.0247946e-01
  1.0247946e-01 1.0247946e-01 1.0247946e-01 1.0247946e-01 1.0247946e-01
  1.0247946e-01 1.0247946e-01 1.0247946e-01]
 [3.8360003e-02 1.0722086e-02 5.2048050e-02 3.3641965e-03 3.4827688e-03
  7.3183253e-03 4.3860353e-03 3.4422032e-05 1.1435255e-03 8.9591202e-05
  1.3529599e-05 1.1851886e-07 3.7770712e-06 6.6866235e-08 7.8611677e-08
  7.8611677e-08 7.3965268e-08 7.8611677e-08]
 [7.5282776e-03 1.4203430e-02 1.4203430e-02 1.4203430e-02 1.4203430e-02
  1.3317348e-02 1.4203430e-02 1.4203430e-02 1.4203430e-02 1.4203430e-02
  1.4203430e-02 1.4203430e-02 1.4203430e-02 1.4203430e-02 1.4203430e-02
  1.4203430e-02 1.4203430e-02 1.4203430e-02]
 [4.2448752e-03 5.8645800e-02 3.0547273e-03 1.6361955e-04 6.5349444e-04
  5.1887233e-02 2.0857060e-02 1.5629779e-05 4.5888880e-04 2.3932129e-03
  2.4485137e-06 1.4582486e-04 2.4740189e-06 1.4712465e-04 1.4931770e-05
  1.3842391e-05 3.4413955e-05 1.5122870e-07]]
epoch:	40	rewards:	[[2.3148522e-02 2.8123593e-02 1.3926522e-02 7.2181806e-02 7.2181806e-02
  7.2181806e-02 6.7671970e-02 7.2181806e-02 7.2181806e-02 7.2181806e-02
  7.2181806e-02 7.2181806e-02 7.2181806e-02 6.7736238e-02 7.2181806e-02
  7.2181806e-02 7.2181806e-02 7.2181806e-02]
 [3.6243633e-03 1.7982433e-04 1.9707493e-04 6.9370653e-06 1.6499517e-06
  2.9735361e-06 8.5365019e-07 9.4813618e-07 1.4127389e-06 7.3049330e-07
  1.1116712e-06 8.5983686e-07 1.1610431e-08 2.6023454e-08 2.7901901e-08
  2.9739168e-08 2.9739168e-08 2.9739168e-08]
 [3.1567011e-02 4.9705703e-02 9.6430462e-03 7.2495959e-04 9.2319958e-04
  2.7182555e-06 3.8204007e-04 2.3382362e-04 4.2931592e-06 2.9826090e-03
  9.3440616e-07 3.1894757e-07 3.7880591e-07 1.9389883e-07 8.4734199e-07
  1.4722953e-07 1.8093830e-07 1.3481302e-07]
 [2.6751086e-02 1.4496233e-02 3.1605806e-02 5.8647897e-02 7.2181806e-02
  7.2181806e-02 7.2181806e-02 7.2181806e-02 7.2181806e-02 7.2181806e-02
  7.2181806e-02 7.2181806e-02 6.7672566e-02 7.2181806e-02 7.2181806e-02
  7.2181806e-02 7.2181806e-02 7.2181806e-02]
 [2.3482228e-02 1.1049634e-02 2.7132092e-02 6.7703336e-02 7.2181806e-02
  7.2181806e-02 7.2181806e-02 7.2181806e-02 7.2181806e-02 7.2181806e-02
  7.2181806e-02 7.2181806e-02 7.2181806e-02 7.2181806e-02 7.2181806e-02
  7.2181806e-02 7.2181806e-02 7.2181806e-02]]
epoch:	45	rewards:	[[2.2578003e-02 2.8204015e-02 3.2685161e-02 3.1362869e-02 3.3986051e-02
  3.4569763e-04 1.0093988e-04 8.0875892e-05 8.0875892e-05 8.0875892e-05
  8.0875892e-05 8.0875892e-05 8.0875892e-05 8.0875892e-05 8.0875892e-05
  8.0875892e-05 8.0875892e-05 8.0875892e-05]
 [8.6542428e-02 2.6736615e-02 4.0563367e-02 4.0563367e-02 4.0563367e-02
  4.0563367e-02 4.0563367e-02 4.0563367e-02 4.0563367e-02 4.0563367e-02
  4.0563367e-02 4.0563367e-02 4.0563367e-02 4.0563367e-02 4.0563367e-02
  4.0563367e-02 4.0563367e-02 4.0563367e-02]
 [1.8102542e-02 2.1930929e-02 3.2821253e-02 5.0509393e-02 5.4118175e-02
  5.7724949e-02 5.7724949e-02 5.7724949e-02 5.7724949e-02 5.4123539e-02
  5.7724949e-02 5.7724949e-02 5.7724949e-02 5.7724949e-02 5.7724949e-02
  5.7724949e-02 5.7724949e-02 5.7724949e-02]
 [3.7304051e-03 9.8379422e-03 9.8379422e-03 9.8379422e-03 9.8379422e-03
  9.8379422e-03 9.8379422e-03 9.8379422e-03 9.8379422e-03 9.2233662e-03
  9.8379422e-03 9.8379422e-03 9.8379422e-03 9.8379422e-03 9.8379422e-03
  9.8379422e-03 9.8379422e-03 9.8379422e-03]
 [2.1450445e-02 3.3946682e-02 1.9461926e-02 5.0509408e-02 5.7724942e-02
  5.7724942e-02 5.7724942e-02 5.7724942e-02 5.7724942e-02 5.7724942e-02
  5.7724942e-02 5.7724942e-02 5.7724942e-02 5.7724942e-02 5.7724942e-02
  5.7724942e-02 5.7724942e-02 5.7724942e-02]]
epoch:	49	rewards:	[[2.09786333e-02 3.39561887e-02 2.39195544e-02 4.62908138e-05
  3.55609627e-05 4.01214820e-05 2.60270226e-05 3.07777350e-06
  6.55546273e-07 8.29886233e-07 6.20236804e-08 6.41651184e-07
  1.94487111e-05 8.93707153e-08 7.03734955e-08 1.19759038e-08
  3.20560667e-09 1.28806618e-10]
 [2.12089736e-02 4.43246812e-02 2.78618820e-02 8.22836082e-05
  1.18453294e-01 2.35019907e-04 5.70505916e-04 5.70505916e-04
  5.70505916e-04 5.70505916e-04 5.70505916e-04 5.70505916e-04
  5.70505916e-04 5.70505916e-04 5.70505916e-04 5.70505916e-04
  5.34870254e-04 5.70505916e-04]
 [2.81975754e-02 3.73324640e-02 7.12493137e-02 8.48308991e-05
  5.92640489e-02 3.35949212e-02 3.32308970e-02 1.78268090e-01
  1.77744612e-01 3.55450243e-01 1.63062468e-05 1.16247320e-04
  4.18879208e-04 6.41451336e-08 1.67401026e-08 1.33694611e-08
  1.23380035e-08 2.17634337e-07]
 [2.39991508e-02 3.23311910e-02 4.88948375e-02 4.88948375e-02
  4.88948375e-02 4.88948375e-02 4.88948375e-02 4.88948375e-02
  4.88948375e-02 4.88948375e-02 4.88948375e-02 4.88948375e-02
  4.88948375e-02 4.88948375e-02 4.88948375e-02 4.88948375e-02
  4.88948375e-02 4.88948375e-02]
 [2.27266503e-03 1.32934144e-02 1.32934144e-02 1.32934144e-02
  1.32934144e-02 1.32934144e-02 1.32934144e-02 1.32934144e-02
  1.32934144e-02 1.32934144e-02 1.32934144e-02 1.32934144e-02
  1.32934144e-02 1.32934144e-02 1.32934144e-02 1.32934144e-02
  1.32934144e-02 1.32934144e-02]]
