pre-training...
epoch:	0	nll:	1.2537941
epoch:	5	nll:	0.4856354
epoch:	10	nll:	0.3710079
epoch:	15	nll:	0.3560726
epoch:	20	nll:	0.3437211
epoch:	25	nll:	0.32654536
epoch:	30	nll:	0.30987796
epoch:	35	nll:	0.29401743
epoch:	40	nll:	0.2758556
epoch:	45	nll:	0.25955996
epoch:	50	nll:	0.24502873
epoch:	55	nll:	0.2549823
epoch:	60	nll:	0.23092258
epoch:	65	nll:	0.21662867
epoch:	70	nll:	0.21029715
epoch:	75	nll:	0.19822747
epoch:	80	nll:	0.20411302
epoch:	85	nll:	0.18224648
epoch:	90	nll:	0.17152649
epoch:	95	nll:	0.16137543
epoch:	100	nll:	0.14848289
epoch:	105	nll:	0.13607314
epoch:	110	nll:	0.12310444
epoch:	115	nll:	0.11251983
adversarial training...
epoch:	0	rewards:	[[4.1626278e-02 7.9356164e-02 5.0453166e-04 1.6098984e-02 2.9210236e-02
  1.2607354e-01 9.1363938e-04 2.7799886e-04 2.2294131e-04 3.4495484e-04
  3.4495484e-04 3.4495484e-04 3.4495484e-04 3.4495484e-04 3.4495484e-04
  3.4495484e-04 3.4495484e-04 3.4495484e-04]
 [7.9352342e-02 4.7372170e-02 6.8613030e-02 9.1445163e-02 4.0539041e-02
  8.7386720e-02 1.3189843e-01 1.9097234e-01 1.9097234e-01 1.9097234e-01
  1.9097234e-01 1.9097234e-01 1.9097234e-01 1.9097234e-01 1.9097234e-01
  1.9097234e-01 1.9097234e-01 1.9097234e-01]
 [5.7872355e-02 2.7686520e-02 5.5013280e-02 5.0167248e-02 1.7385344e-03
  1.0856062e-03 5.7925653e-02 4.7421036e-04 8.7738241e-05 8.2947838e-05
  9.6741685e-05 9.6992095e-05 7.7914112e-05 4.3154378e-05 4.2849064e-05
  2.5596615e-05 3.3549484e-05 2.2379574e-05]
 [1.6041879e-02 6.7779347e-02 1.5116508e-02 1.6379470e-02 2.9699752e-02
  8.4382445e-02 9.9165610e-04 3.5968120e-04 2.7426495e-04 3.1781947e-04
  3.4495484e-04 3.4495484e-04 3.4495484e-04 3.4495484e-04 3.4495484e-04
  3.4495484e-04 3.4495484e-04 3.4495484e-04]
 [8.3676070e-02 5.5046685e-02 8.5993037e-02 1.5991719e-02 1.5991719e-02
  1.5991719e-02 1.5991719e-02 1.5991719e-02 1.5991719e-02 1.5991719e-02
  1.5991719e-02 1.5991719e-02 1.5991719e-02 1.5991719e-02 1.5991719e-02
  1.5991719e-02 1.5991719e-02 1.5991719e-02]]
epoch:	5	rewards:	[[4.95219827e-02 8.97985622e-02 1.02729306e-01 1.07475594e-01
  2.98238158e-01 1.63150206e-01 5.78312129e-02 1.41785562e-03
  1.22963707e-03 1.51415018e-03 2.60823785e-04 2.59641471e-04
  3.83611186e-04 5.29157405e-04 2.86985538e-04 1.60621916e-04
  3.47826630e-04 3.23643762e-04]
 [3.89392935e-02 3.03835887e-02 4.39724103e-02 5.20881712e-02
  1.20285757e-01 1.20285757e-01 1.20285757e-01 1.20285757e-01
  1.20285757e-01 1.20285757e-01 1.07116915e-01 1.20285757e-01
  1.20285757e-01 1.20285757e-01 1.13248616e-01 1.20285757e-01
  1.20285757e-01 1.20285757e-01]
 [5.99168763e-02 5.18394932e-02 4.85090464e-02 5.12345061e-02
  3.73106003e-02 5.85794896e-02 6.19679689e-02 6.19679689e-02
  6.19679689e-02 6.19679689e-02 6.19679689e-02 6.19679689e-02
  6.19679689e-02 6.19679689e-02 6.19679689e-02 6.19679689e-02
  6.19679689e-02 6.19679689e-02]
 [3.12538818e-02 1.27025433e-02 3.13256681e-02 5.82046434e-02
  2.02652602e-03 3.54025426e-04 4.14715440e-04 4.11547313e-04
  6.78070413e-04 2.64482689e-04 2.24165095e-04 2.30019423e-03
  2.34312974e-04 5.66156232e-05 5.61076922e-05 6.58800200e-05
  7.04461199e-05 5.52984693e-06]
 [1.62385274e-02 2.77735312e-02 1.86672196e-01 1.97852671e-01
  1.97852671e-01 1.97852671e-01 1.97852671e-01 1.97852671e-01
  1.97852671e-01 1.97852671e-01 1.97852671e-01 1.97852671e-01
  1.97852671e-01 1.97852671e-01 1.97852671e-01 1.97852671e-01
  1.97852671e-01 1.97852671e-01]]
epoch:	10	rewards:	[[5.14978468e-02 6.67315722e-02 1.72114938e-01 1.80462390e-01
  1.80462390e-01 1.70018986e-01 1.80462390e-01 1.80462390e-01
  1.80462390e-01 1.80462390e-01 1.80462390e-01 1.80462390e-01
  1.80462390e-01 1.80462390e-01 1.80462390e-01 1.80462390e-01
  1.80462390e-01 1.80462390e-01]
 [4.22108322e-02 3.67422663e-02 4.66412976e-02 1.59535140e-01
  2.38965005e-01 3.16544576e-03 3.73355933e-02 3.73355933e-02
  3.73355933e-02 3.73355933e-02 3.73355933e-02 3.73355933e-02
  3.73355933e-02 3.73355933e-02 3.73355933e-02 3.73355933e-02
  3.73355933e-02 3.73355933e-02]
 [7.53436284e-03 1.40019534e-02 1.15645966e-02 1.08807441e-02
  1.32433772e-02 4.79471823e-03 1.32051185e-02 2.15910631e-03
  1.96269043e-02 6.40487473e-04 2.28698860e-04 1.36321309e-04
  1.74038360e-04 1.32149915e-04 1.32149915e-04 1.32149915e-04
  1.32149915e-04 1.32149915e-04]
 [4.80464026e-02 6.62566349e-03 3.18843052e-02 1.16148949e-01
  8.76262318e-03 6.91458676e-03 1.01763094e-02 1.30199036e-02
  1.30199036e-02 1.24728698e-02 1.30199036e-02 1.30199036e-02
  1.30199036e-02 1.30199036e-02 1.30199036e-02 1.30199036e-02
  1.30199036e-02 1.30199036e-02]
 [2.64193285e-02 1.76059511e-02 5.78320585e-02 8.10679942e-02
  2.98461574e-03 2.78248382e-03 4.26492700e-03 4.97832755e-03
  3.06408200e-02 1.63407053e-03 1.63407053e-03 1.63407053e-03
  1.63407053e-03 1.57882075e-03 1.63407053e-03 1.63407053e-03
  1.63407053e-03 1.63407053e-03]]
epoch:	15	rewards:	[[0.00503978 0.0067806  0.00824848 0.04293525 0.04293525 0.04293525
  0.04293525 0.04293525 0.04293525 0.04100869 0.04293525 0.04293525
  0.04293525 0.04293525 0.04293525 0.04293525 0.04293525 0.0124652 ]
 [0.04906476 0.09979668 0.06086846 0.02841324 0.00364793 0.00204354
  0.00222114 0.00339591 0.00339591 0.00339591 0.00339591 0.00339591
  0.00339591 0.00339591 0.00339591 0.00339591 0.00339591 0.00339591]
 [0.08266874 0.08031952 0.06829144 0.00215163 0.00093867 0.00171324
  0.00184121 0.00135092 0.00085254 0.00036957 0.00025333 0.00070356
  0.00067129 0.00069726 0.00079988 0.00079988 0.00079988 0.00079988]
 [0.07661983 0.00451998 0.05766899 0.03066375 0.06221537 0.00262922
  0.00096055 0.00461364 0.00075423 0.00152651 0.00159113 0.00064767
  0.00063076 0.00055827 0.00045745 0.00057962 0.00069313 0.0030976 ]
 [0.06679765 0.11352113 0.00911552 0.00445872 0.0044217  0.00217004
  0.00599024 0.008295   0.008295   0.008295   0.008295   0.008295
  0.008295   0.008295   0.008295   0.008295   0.008295   0.008295  ]]
epoch:	20	rewards:	[[5.20123877e-02 7.72529542e-02 2.59838365e-02 3.53029892e-02
  4.59034033e-02 8.06258172e-02 5.71886562e-02 6.80693910e-02
  5.82896657e-02 1.14881024e-01 1.49286792e-01 5.94649510e-03
  2.83558271e-03 9.93707916e-04 1.38240843e-03 1.38240843e-03
  1.38240843e-03 1.38240843e-03]
 [4.30887081e-02 1.85641609e-02 2.34899763e-03 3.62624265e-02
  4.75592725e-02 4.70498912e-02 1.33024761e-04 1.88545426e-04
  3.27161222e-04 1.56329456e-03 4.62891257e-05 3.42881649e-05
  3.71367205e-05 1.89833499e-05 3.28971146e-05 2.61300684e-05
  4.08279448e-05 3.66488021e-05]
 [4.75948676e-02 4.50456887e-02 1.50315771e-02 3.49970236e-02
  2.32284050e-02 2.29089409e-02 6.89839944e-02 1.27452761e-02
  1.36318356e-01 1.13735601e-01 1.59248576e-01 1.80800661e-01
  1.80800661e-01 1.73078939e-01 1.80800661e-01 1.80800661e-01
  1.80800661e-01 1.80800661e-01]
 [1.34382099e-02 5.05461532e-04 7.35139693e-05 1.54217618e-04
  1.58182564e-04 1.80843243e-04 2.29932935e-04 4.58491151e-04
  1.79089024e-04 2.69333308e-04 2.69333308e-04 2.69333308e-04
  2.69333308e-04 2.69333308e-04 2.69333308e-04 2.69333308e-04
  2.62096757e-04 2.69333308e-04]
 [2.62766480e-02 7.67689943e-02 4.25783033e-03 3.51645388e-02
  4.57316041e-02 2.31777765e-02 1.01916179e-01 3.50438766e-02
  3.75461299e-04 6.72423121e-05 9.36930664e-05 9.36930664e-05
  9.36930664e-05 9.36930664e-05 9.36930664e-05 9.36930664e-05
  9.36930664e-05 9.36930664e-05]]
epoch:	25	rewards:	[[6.51586503e-02 5.91941290e-02 4.34102565e-02 4.20952216e-02
  4.26995233e-02 7.97886997e-02 1.19556129e-01 1.01798430e-01
  1.65821039e-04 4.27010818e-04 4.27010818e-04 4.27010818e-04
  4.27010818e-04 4.27010818e-04 4.27010818e-04 4.27010818e-04
  4.27010818e-04 4.27010818e-04]
 [6.39971197e-02 9.92274657e-02 8.19565579e-02 1.14433303e-01
  5.13726436e-02 1.31820187e-01 1.38832599e-01 1.38832599e-01
  1.38832599e-01 1.38832599e-01 1.38832599e-01 1.38832599e-01
  1.38832599e-01 1.38832599e-01 1.38832599e-01 1.38832599e-01
  1.38832599e-01 1.38832599e-01]
 [7.37510398e-02 1.26254391e-02 7.15177804e-02 2.20491029e-02
  1.82904978e-03 1.81216956e-03 2.72756582e-03 3.55974073e-03
  5.02975285e-03 5.02975285e-03 5.02975285e-03 5.02975285e-03
  5.02975285e-03 5.02975285e-03 5.02975285e-03 5.02975285e-03
  5.02975285e-03 5.02975285e-03]
 [9.56429318e-02 7.76213333e-02 9.88562107e-02 1.06665306e-01
  5.60274683e-02 1.24807782e-01 1.38832599e-01 1.38832599e-01
  1.30949289e-01 1.38832599e-01 1.38832599e-01 1.38832599e-01
  1.38832599e-01 1.38832599e-01 1.24181837e-01 1.38832599e-01
  1.38832599e-01 1.38832599e-01]
 [1.11711890e-01 1.12878114e-01 2.65749102e-03 4.05716822e-02
  3.75368726e-03 1.47932107e-04 2.31028665e-04 3.01607888e-05
  7.83059368e-05 1.30589673e-04 9.74951108e-05 1.20725999e-05
  1.20725999e-05 1.20725999e-05 1.20725999e-05 1.20725999e-05
  1.20725999e-05 1.20725999e-05]]
epoch:	30	rewards:	[[1.30534172e-01 1.12877354e-01 1.29331291e-01 9.58315581e-02
  1.04420468e-01 1.26822814e-01 1.54618576e-01 1.54618576e-01
  1.54618576e-01 1.54618576e-01 1.54618576e-01 1.54618576e-01
  1.54618576e-01 1.54618576e-01 1.54618576e-01 1.54618576e-01
  1.54618576e-01 1.54618576e-01]
 [1.47573590e-01 1.16002135e-01 7.97253028e-02 1.54557809e-01
  2.14940637e-01 2.14940637e-01 2.14940637e-01 2.14940637e-01
  2.14940637e-01 2.14940637e-01 2.14940637e-01 2.14940637e-01
  2.14940637e-01 2.14940637e-01 2.14940637e-01 2.14940637e-01
  2.14940637e-01 2.14940637e-01]
 [5.66410720e-02 9.15282369e-02 3.68538797e-02 2.07340140e-02
  9.06612631e-03 2.82908615e-04 1.37559371e-03 4.80480867e-06
  5.57608701e-06 4.83554504e-06 1.20361096e-06 3.57757744e-06
  6.99152167e-07 1.12905229e-06 1.12905229e-06 1.12905229e-06
  1.12905229e-06 1.12905229e-06]
 [1.00460917e-01 1.20461009e-01 9.10174772e-02 8.57069914e-04
  2.48581581e-02 4.45877551e-04 5.53853810e-04 4.19361779e-04
  1.81360345e-04 1.72268468e-04 1.71893291e-04 1.81360345e-04
  1.81360345e-04 1.60405078e-04 1.81360345e-04 1.81360345e-04
  1.81360345e-04 1.81360345e-04]
 [1.05165616e-01 4.47473824e-02 3.23300622e-02 4.70939354e-04
  2.53811316e-03 1.27082234e-02 1.52491580e-03 1.52491580e-03
  1.52491580e-03 1.52491580e-03 1.52491580e-03 1.52491580e-03
  1.52491580e-03 1.52491580e-03 1.52491580e-03 1.52491580e-03
  1.52491580e-03 1.52491580e-03]]
epoch:	35	rewards:	[[2.93296110e-03 9.96023193e-02 2.28738543e-02 6.37626126e-02
  2.27432065e-02 6.27232657e-04 6.60091231e-04 1.81981549e-03
  3.31866650e-05 1.07420747e-05 6.23888118e-05 6.60582518e-05
  6.60582518e-05 6.60582518e-05 6.60582518e-05 6.60582518e-05
  6.60582518e-05 6.60582518e-05]
 [1.37906730e-01 9.87754241e-02 8.10143352e-02 5.44324778e-02
  4.58828546e-02 1.58311776e-03 5.42923226e-04 6.85295017e-05
  1.27691572e-04 1.27691572e-04 1.27691572e-04 1.22259517e-04
  1.27691572e-04 1.27691572e-04 1.27691572e-04 1.27691572e-04
  1.27691572e-04 1.27691572e-04]
 [6.98056445e-02 5.48344478e-02 8.55543837e-02 9.49338153e-02
  2.79931575e-01 2.79931575e-01 2.79931575e-01 2.79931575e-01
  2.79931575e-01 2.79931575e-01 2.79931575e-01 2.79931575e-01
  2.79931575e-01 2.79931575e-01 2.79931575e-01 2.79931575e-01
  2.79931575e-01 2.79931575e-01]
 [4.19237949e-02 1.14307053e-01 1.18822627e-01 1.54844979e-02
  1.17944926e-01 1.17944926e-01 1.17944926e-01 1.17944926e-01
  1.17944926e-01 1.17944926e-01 1.17944926e-01 1.17944926e-01
  1.17944926e-01 1.17944926e-01 1.17944926e-01 1.17944926e-01
  1.17944926e-01 1.17944926e-01]
 [1.31209850e-01 1.28443584e-01 9.46016908e-02 7.62305856e-02
  6.66873232e-02 1.09593058e-03 1.02361233e-03 3.76940479e-05
  1.27691572e-04 1.27691572e-04 1.27691572e-04 1.27691572e-04
  1.27691572e-04 1.27691572e-04 1.27691572e-04 1.27691572e-04
  1.27691572e-04 1.27691572e-04]]
epoch:	40	rewards:	[[1.02860764e-01 1.11377006e-03 1.62060298e-02 6.25519380e-02
  6.17321275e-05 9.21022092e-06 1.21465884e-04 1.24481703e-05
  1.79828839e-05 2.19944359e-05 2.19944359e-05 2.19944359e-05
  2.19944359e-05 2.19944359e-05 2.19944359e-05 2.19944359e-05
  2.19944359e-05 2.19944359e-05]
 [6.77354559e-02 1.14542350e-01 4.88239042e-02 1.04713172e-01
  1.01538338e-01 1.08590223e-01 4.11569281e-03 4.11569281e-03
  4.11569281e-03 4.11569281e-03 4.11569281e-03 4.11569281e-03
  4.11569281e-03 4.11569281e-03 4.11569281e-03 4.11569281e-03
  4.11569281e-03 4.11569281e-03]
 [1.07951581e-01 5.38932383e-02 5.93934506e-02 5.48612177e-02
  1.09877922e-01 3.91626905e-04 3.22804233e-04 1.28916954e-05
  2.75549228e-05 2.75549228e-05 2.75549228e-05 2.75549228e-05
  2.75549228e-05 2.75549228e-05 2.75549228e-05 2.75549228e-05
  2.75549228e-05 2.75549228e-05]
 [1.32667512e-01 7.75562748e-02 1.09379970e-01 1.08879447e-01
  8.14152062e-02 1.35956928e-01 1.08685896e-01 8.94829554e-06
  1.26607597e-06 4.17442789e-05 5.13196137e-05 5.13196137e-05
  5.13196137e-05 5.13196137e-05 5.13196137e-05 5.13196137e-05
  5.13196137e-05 5.13196137e-05]
 [8.76853988e-02 1.10764101e-01 2.44287755e-02 1.13038197e-01
  9.55193490e-03 7.45140063e-03 7.45140063e-03 7.45140063e-03
  7.45140063e-03 7.45140063e-03 7.45140063e-03 7.45140063e-03
  7.45140063e-03 7.45140063e-03 7.45140063e-03 7.45140063e-03
  7.45140063e-03 7.45140063e-03]]
epoch:	45	rewards:	[[8.0543503e-02 1.3217406e-01 8.6821541e-03 4.3204788e-02 4.8457325e-02
  1.4148850e-02 8.4545364e-04 3.3554398e-03 3.3554398e-03 3.3554398e-03
  3.3554398e-03 3.3554398e-03 3.3554398e-03 3.3554398e-03 3.3554398e-03
  3.3554398e-03 3.3554398e-03 3.3554398e-03]
 [3.6329061e-02 3.5638843e-02 4.1814383e-02 3.8399410e-02 3.8562987e-02
  9.6743686e-05 1.6107243e-02 4.5318798e-06 3.2526420e-06 4.2042693e-06
  4.2042693e-06 4.2042693e-06 4.2042693e-06 4.2042693e-06 4.2042693e-06
  4.2042693e-06 4.2042693e-06 4.2042693e-06]
 [7.9848818e-02 8.4293678e-02 3.5890229e-02 6.8310715e-02 1.0175774e-01
  1.3865982e-01 2.3346648e-01 9.6251536e-03 2.7261592e-02 3.4874987e-02
  4.2634673e-02 4.2634673e-02 4.2634673e-02 4.2634673e-02 4.2634673e-02
  4.2634673e-02 4.2634673e-02 4.2634673e-02]
 [1.7609470e-02 9.5293291e-02 3.2828051e-01 3.2828051e-01 3.2828051e-01
  3.2828051e-01 3.2828051e-01 3.2828051e-01 3.2828051e-01 3.2828051e-01
  3.2828051e-01 3.2828051e-01 3.2828051e-01 3.2828051e-01 3.2828051e-01
  3.2828051e-01 3.2828051e-01 3.2828051e-01]
 [5.2632827e-02 5.7253446e-02 1.5781322e-01 7.3775731e-02 9.2270352e-02
  9.9396110e-02 4.6612956e-03 1.6710392e-04 2.2865066e-02 7.2899638e-05
  7.2899638e-05 7.2899638e-05 7.2899638e-05 7.2899638e-05 7.2899638e-05
  7.2899638e-05 7.2899638e-05 7.2899638e-05]]
epoch:	49	rewards:	[[1.7589699e-02 1.8803211e-02 4.3038506e-02 6.3485483e-04 4.6728845e-05
  1.9224773e-05 6.5454363e-04 6.3234335e-04 6.3126476e-04 6.6052307e-04
  6.9206953e-06 4.1614145e-05 1.2150909e-06 3.0856196e-08 1.2707747e-07
  7.1279277e-07 7.6370634e-07 8.1462008e-07]
 [6.7302175e-02 5.0324082e-02 2.8212721e-02 1.6405199e-02 5.6432296e-02
  1.5280516e-03 1.1845499e-07 9.3558432e-05 1.6566490e-04 1.4500313e-04
  1.6566490e-04 1.6566490e-04 1.6566490e-04 1.5545588e-04 1.6566490e-04
  1.6566490e-04 1.6566490e-04 1.6566490e-04]
 [2.2053238e-02 3.1572312e-02 8.6103112e-02 9.0826122e-04 5.0778226e-08
  6.9819623e-07 9.8199453e-06 9.3694979e-08 6.7088678e-08 2.8799903e-08
  2.1829107e-08 9.3749243e-08 9.3749243e-08 9.3749243e-08 9.3749243e-08
  9.3749243e-08 9.3749243e-08 9.3749243e-08]
 [5.6517474e-02 2.8516227e-02 2.1692319e-02 2.1855952e-02 8.6932898e-02
  1.2903140e-03 1.3950820e-03 1.3950820e-03 1.3950820e-03 1.3950820e-03
  1.3950820e-03 1.3950820e-03 3.9654474e-06 3.9654474e-06 3.9654474e-06
  3.9654474e-06 3.9654474e-06 3.9654474e-06]
 [1.6495444e-02 5.0111283e-02 7.3652431e-02 8.7334633e-02 1.9175011e-01
  2.4404429e-01 1.8262195e-04 1.7550362e-06 6.3626544e-09 2.8024600e-09
  5.9793814e-09 5.9340999e-09 8.0559082e-10 8.7131807e-10 1.9191884e-09
  1.9191884e-09 1.9191884e-09 1.9191884e-09]]
