pre-training...
epoch:	0	nll:	1.3925484
epoch:	5	nll:	0.74056363
epoch:	10	nll:	0.49922112
epoch:	15	nll:	0.37527964
epoch:	20	nll:	0.3520777
epoch:	25	nll:	0.3228316
epoch:	30	nll:	0.3011117
epoch:	35	nll:	0.28709197
epoch:	40	nll:	0.27295464
epoch:	45	nll:	0.26074973
epoch:	50	nll:	0.2515418
epoch:	55	nll:	0.24328575
epoch:	60	nll:	0.23532802
epoch:	65	nll:	0.22782898
epoch:	70	nll:	0.22079277
epoch:	75	nll:	0.21323982
epoch:	80	nll:	0.20462936
epoch:	85	nll:	0.19434097
epoch:	90	nll:	0.18230179
epoch:	95	nll:	0.16742468
epoch:	100	nll:	0.15060394
epoch:	105	nll:	0.14122719
epoch:	110	nll:	0.13118431
epoch:	115	nll:	0.12203634
adversarial training...
epoch:	0	rewards:	[[6.2792180e-03 6.8713211e-02 1.8153615e-02 4.8742976e-02 8.1314698e-02
  9.8396279e-02 8.1588160e-03 8.1588160e-03 8.1588160e-03 8.1588160e-03
  8.1588160e-03 7.6809945e-03 8.1588160e-03 8.1588160e-03 8.1588160e-03
  8.1588160e-03 8.1588160e-03 8.1588160e-03]
 [2.0753453e-02 6.0318056e-03 1.1964404e-03 1.5322889e-03 6.1850004e-02
  5.1418296e-03 6.1151866e-02 1.1476066e-01 1.3261209e-01 1.1831701e-01
  1.1929582e-01 7.6032416e-03 6.7387205e-03 3.1175332e-03 1.5116954e-03
  1.5116954e-03 1.4233085e-03 1.5116954e-03]
 [4.0636975e-02 6.6467158e-02 6.2832691e-02 9.4234452e-02 8.1097625e-02
  9.9511638e-02 8.1588160e-03 8.1588160e-03 7.3780036e-03 8.1588160e-03
  8.1588160e-03 7.6800166e-03 8.1588160e-03 7.7461516e-03 8.1588160e-03
  8.1588160e-03 8.1588160e-03 8.1588160e-03]
 [6.2863223e-02 1.7277705e-02 2.9790692e-04 4.1953730e-03 2.6548794e-03
  5.6356104e-04 5.3844368e-04 5.7222968e-04 5.7222968e-04 5.7222968e-04
  5.7222968e-04 5.7222968e-04 5.3904922e-04 5.7222968e-04 5.4225553e-04
  5.7222968e-04 5.7222968e-04 5.7222968e-04]
 [8.5412795e-03 5.5862758e-02 1.0995062e-01 5.6092937e-02 4.8178164e-04
  4.0429313e-04 1.4206041e-04 7.1486873e-05 4.4103268e-05 8.4611405e-05
  2.1152533e-05 3.4348250e-05 1.8753210e-05 1.2274416e-05 1.2654005e-05
  4.2412148e-06 4.1808333e-05 6.0533271e-06]]
epoch:	5	rewards:	[[0.064471   0.00336866 0.07190033 0.00324574 0.06376668 0.02487417
  0.13644126 0.01406205 0.14629029 0.20067534 0.13175946 0.00897121
  0.00463625 0.00778469 0.01783468 0.01783468 0.01783468 0.01783468]
 [0.01028975 0.10053527 0.01902783 0.02322678 0.02497007 0.04789561
  0.00842294 0.00842294 0.00794735 0.00842294 0.00792824 0.00793591
  0.00842294 0.00842294 0.00791638 0.00842294 0.00842294 0.00842294]
 [0.15863219 0.03076436 0.0670763  0.00457042 0.00854109 0.00803236
  0.00854109 0.00854109 0.00854109 0.00854109 0.00854109 0.00854109
  0.00854109 0.00854109 0.00854109 0.00854109 0.00854109 0.00854109]
 [0.02736112 0.18383017 0.01780711 0.01199406 0.00045318 0.00029662
  0.00075639 0.00096242 0.00095058 0.00072472 0.00082482 0.00082482
  0.00082482 0.00078169 0.0007849  0.00082482 0.00082482 0.00082482]
 [0.00115732 0.00071199 0.00301172 0.00043706 0.00053393 0.00051831
  0.00115658 0.00113994 0.00089578 0.00089578 0.00089578 0.00089578
  0.00084972 0.00089578 0.00089578 0.00089578 0.00089578 0.00089578]]
epoch:	10	rewards:	[[1.0124064e-03 9.0939272e-04 1.0242825e-03 3.5553280e-04 4.9490586e-04
  3.8871582e-04 3.0798092e-04 4.3643126e-04 5.2811939e-04 7.3151302e-04
  7.3151302e-04 7.3151302e-04 7.3151302e-04 6.9355569e-04 7.3151302e-04
  7.3151302e-04 7.3151302e-04 7.3151302e-04]
 [2.9252369e-02 4.4140961e-02 2.3293409e-02 5.3612147e-02 7.6612987e-04
  1.1362585e-03 1.8987816e-03 1.5034752e-03 1.5034752e-03 1.5034752e-03
  1.1803003e-03 1.5034752e-03 1.5034752e-03 1.5034752e-03 1.5034752e-03
  1.5034752e-03 1.5034752e-03 1.5034752e-03]
 [4.9538496e-03 5.3938225e-02 2.2191685e-02 2.4574304e-02 8.3762608e-02
  7.4443340e-02 6.5085371e-03 6.5085371e-03 6.1548059e-03 6.5085371e-03
  6.5085371e-03 6.5085371e-03 6.1481958e-03 6.5085371e-03 6.5085371e-03
  6.5085371e-03 6.5085371e-03 6.5085371e-03]
 [1.4423083e-02 2.3591932e-02 4.0819091e-03 3.7414550e-03 2.3188796e-02
  4.9383799e-03 3.6192390e-03 1.0040461e-03 3.1592902e-03 9.3840063e-05
  1.6169193e-04 1.3760507e-05 1.5014583e-05 4.8051743e-06 5.5530818e-06
  2.6734954e-06 3.1130896e-06 2.1096607e-06]
 [5.7454918e-02 5.4033749e-02 2.3243052e-03 4.5316018e-02 3.7232903e-03
  1.8216376e-01 4.8469368e-02 1.3686040e-01 2.8368612e-03 1.7075577e-03
  5.7098586e-03 5.2165398e-03 1.2216773e-03 6.5584120e-04 7.3289848e-04
  3.4902521e-04 5.2610761e-04 9.6036623e-05]]
epoch:	15	rewards:	[[7.63496384e-03 6.42960966e-02 1.36833722e-02 1.35195032e-02
  5.01133986e-02 2.76174471e-02 8.66362303e-02 9.81730595e-02
  9.81730595e-02 9.81730595e-02 9.81730595e-02 9.81730595e-02
  9.81730595e-02 9.81730595e-02 9.81730595e-02 8.64916965e-02
  9.81730595e-02 9.81730595e-02]
 [4.27064411e-02 8.13554898e-02 5.03055658e-03 1.63822137e-02
  1.63822137e-02 1.63822137e-02 1.54371755e-02 1.63822137e-02
  1.63822137e-02 1.63822137e-02 1.63822137e-02 1.63822137e-02
  1.53754586e-02 1.63822137e-02 1.63822137e-02 1.63822137e-02
  1.56540982e-02 1.63822137e-02]
 [2.11535636e-02 2.69729123e-02 3.18637080e-02 7.56951511e-01
  1.66570060e-02 1.87055580e-02 1.67701412e-02 1.87055580e-02
  1.87055580e-02 1.87055580e-02 1.87055580e-02 1.87055580e-02
  1.87055580e-02 1.87055580e-02 1.87055580e-02 1.76485088e-02
  1.87055580e-02 1.87055580e-02]
 [6.55109435e-02 2.44975537e-02 8.40481967e-02 1.10215455e-01
  9.01554748e-02 4.73501580e-03 5.05036395e-03 5.05036395e-03
  5.05036395e-03 5.05036395e-03 5.05036395e-03 5.05036395e-03
  5.05036395e-03 5.05036395e-03 5.05036395e-03 5.05036395e-03
  4.74671833e-03 5.05036395e-03]
 [7.99785741e-03 4.60149832e-02 1.91855393e-02 2.57611535e-02
  3.19556817e-02 1.33226113e-03 2.94568308e-04 2.47077929e-04
  2.61507987e-04 2.61507987e-04 2.33814571e-04 2.47108226e-04
  2.61507987e-04 2.61507987e-04 2.61507987e-04 2.61507987e-04
  2.61507987e-04 2.61507987e-04]]
epoch:	20	rewards:	[[8.0449623e-04 4.8810599e-04 6.4600311e-04 9.4716070e-04 2.7009618e-04
  3.7274271e-04 9.5982029e-04 4.8818777e-04 6.7047478e-04 5.9585541e-04
  5.6147587e-04 5.9585541e-04 5.9585541e-04 5.9585541e-04 5.6147587e-04
  5.9585541e-04 5.9585541e-04 5.9585541e-04]
 [1.0257889e-02 3.6324635e-02 3.8620479e-02 2.5475122e-02 2.1950461e-04
  3.2633106e-04 1.0563990e-02 6.4299437e-03 1.2799861e-02 5.7806806e-03
  2.5684580e-03 3.0003212e-02 1.2862319e-04 6.0517217e-05 2.3801482e-04
  1.9271592e-04 2.4168032e-04 7.4737814e-05]
 [3.3958107e-02 3.8244908e-03 4.0562000e-02 1.1831196e-03 1.6360090e-03
  1.5371593e-03 1.6360090e-03 1.6360090e-03 1.6360090e-03 1.6360090e-03
  1.6360090e-03 1.6360090e-03 1.5357889e-03 1.6360090e-03 1.5354645e-03
  1.6360090e-03 1.6360090e-03 1.6360090e-03]
 [1.4470198e-02 1.2992190e-02 2.8316271e-02 3.8236968e-02 3.1946745e-02
  2.2339469e-03 1.0698587e-03 1.0690823e-03 1.1379502e-03 1.1379502e-03
  1.1379502e-03 1.1379502e-03 1.1379502e-03 1.1379502e-03 1.1379502e-03
  1.0695049e-03 1.0005018e-03 1.1379502e-03]
 [2.3510449e-02 7.3265299e-02 4.0020328e-02 6.2361542e-02 4.9064431e-04
  4.1868363e-04 2.0707744e-04 3.6232884e-04 3.8439999e-04 3.8439999e-04
  3.8439999e-04 3.8439999e-04 3.8439999e-04 3.6111067e-04 3.8439999e-04
  3.8439999e-04 3.6110368e-04 3.8439999e-04]]
epoch:	25	rewards:	[[3.8759641e-02 6.0192593e-03 7.5420842e-02 1.0876544e-03 5.0350401e-04
  6.3200673e-04 6.3200673e-04 6.3200673e-04 6.3200673e-04 6.3200673e-04
  6.3200673e-04 6.3200673e-04 6.3200673e-04 5.9307419e-04 6.3200673e-04
  5.9423002e-04 6.3200673e-04 6.3200673e-04]
 [2.9883757e-02 8.0361761e-02 1.6923845e-02 9.1303580e-02 1.4868326e-01
  2.3459572e-01 2.3459572e-01 2.3459572e-01 2.3459572e-01 2.3459572e-01
  2.2003566e-01 2.0549630e-01 2.3459572e-01 2.3459572e-01 2.3459572e-01
  2.3459572e-01 2.3459572e-01 2.3459572e-01]
 [4.4071067e-02 3.0458195e-02 2.9525006e-02 5.7805620e-02 8.3419489e-04
  3.4698625e-03 1.6857950e-02 2.6991335e-04 8.5078110e-04 8.5078110e-04
  7.4686442e-04 8.5078110e-04 8.5078110e-04 8.5078110e-04 7.4862310e-04
  8.5078110e-04 8.5078110e-04 8.5078110e-04]
 [6.5880336e-02 3.0297654e-02 5.8663405e-02 5.7721283e-02 7.4470969e-04
  1.5246516e-04 9.5874584e-06 2.3035449e-05 1.7035316e-05 2.0726864e-06
  5.1166026e-06 4.6990963e-06 7.2620451e-06 2.0758976e-05 2.3653187e-05
  2.2340988e-05 2.3653187e-05 2.3653187e-05]
 [1.6291231e-02 5.9314728e-02 1.4061090e-03 3.0568523e-02 3.0871507e-02
  6.5028050e-04 7.9301698e-03 9.5988568e-03 9.5412647e-03 1.0170013e-02
  1.0170013e-02 1.0170013e-02 1.0170013e-02 1.0170013e-02 1.0170013e-02
  1.0170013e-02 1.0170013e-02 1.0170013e-02]]
epoch:	30	rewards:	[[1.8794445e-02 1.2757051e-02 2.6951432e-03 1.4143573e-03 6.8604939e-05
  6.1412735e-05 2.4524883e-05 6.4722924e-05 2.5356718e-05 2.4636449e-05
  5.3163643e-05 9.2916693e-05 1.8261448e-05 1.3100071e-05 1.7488861e-05
  8.4893200e-06 1.5209704e-05 1.4092587e-05]
 [2.6038051e-02 2.3540517e-02 5.5778511e-02 1.2540174e-01 1.6596308e-01
  2.1892920e-01 2.1892920e-01 2.1892920e-01 2.1892920e-01 2.1892920e-01
  2.1892920e-01 2.1892920e-01 2.1892920e-01 2.1892920e-01 2.1892920e-01
  2.1892920e-01 2.1892920e-01 2.1892920e-01]
 [2.3940528e-02 2.3340646e-02 1.7883437e-02 1.8408393e-02 8.8691041e-02
  2.8166940e-02 1.3246422e-01 1.3216969e-01 1.4066185e-01 1.4066185e-01
  1.4066185e-01 1.4066185e-01 1.4066185e-01 1.3207576e-01 1.4066185e-01
  1.4066185e-01 1.4066185e-01 1.4066185e-01]
 [1.4511115e-02 2.0485435e-02 2.6940092e-02 5.3388320e-02 3.6239497e-02
  3.7396770e-02 1.0667169e-01 1.3216969e-01 1.3220757e-01 1.4066185e-01
  1.4066185e-01 1.4066185e-01 1.4066185e-01 1.3191725e-01 1.3215375e-01
  1.4066185e-01 1.3215759e-01 1.4066185e-01]
 [1.1669025e-03 3.5491161e-02 4.6627797e-02 9.8889787e-04 5.8530923e-04
  5.8530923e-04 5.4923777e-04 5.8530923e-04 5.4928195e-04 5.8530923e-04
  5.8530923e-04 5.8530923e-04 5.4958917e-04 5.8530923e-04 5.4923107e-04
  5.8530923e-04 5.8530923e-04 5.8530923e-04]]
epoch:	35	rewards:	[[3.6189843e-02 1.1573388e-03 9.2447743e-02 7.0605584e-04 5.4222572e-04
  2.9505134e-04 2.5835575e-04 2.9505134e-04 2.9505134e-04 2.9505134e-04
  2.9505134e-04 2.7669486e-04 2.9505134e-04 2.9505134e-04 2.9505134e-04
  2.9505134e-04 2.9505134e-04 2.9505134e-04]
 [3.9370148e-03 3.1317089e-02 2.2469184e-03 1.7518313e-03 4.9148766e-06
  1.6421234e-05 1.8844674e-05 2.5802219e-05 1.8903307e-05 4.8482500e-04
  4.9166853e-04 4.9959467e-04 3.3917288e-05 3.3917288e-05 3.1861800e-05
  3.3917288e-05 3.3917288e-05 3.3917288e-05]
 [5.2706849e-02 7.0929565e-02 4.6313503e-03 1.1629228e-03 3.7537394e-03
  3.2376759e-03 5.8900877e-03 7.9900511e-03 8.5196430e-03 8.5196430e-03
  8.5196430e-03 8.5196430e-03 8.5196430e-03 8.5196430e-03 7.9903100e-03
  8.5196430e-03 7.9899561e-03 8.5196430e-03]
 [8.0432938e-03 2.2413726e-03 4.5076862e-02 2.2938037e-02 1.4926476e-04
  1.7475275e-05 2.8623263e-05 1.7546488e-05 2.2805321e-05 1.2115064e-08
  1.6726378e-07 2.1648819e-07 3.9919067e-07 7.5830343e-07 6.0134177e-08
  4.9277769e-08 1.8338211e-07 2.7742515e-09]
 [4.0733214e-02 5.2317664e-02 5.4497845e-02 4.9471896e-04 9.0891391e-04
  6.7149368e-03 5.5834129e-02 4.2253844e-03 2.0850116e-01 5.6146003e-02
  7.1659061e-04 2.3021654e-03 2.1082591e-03 5.7155138e-04 2.3389433e-05
  3.7099315e-05 3.7714344e-05 9.9239851e-06]]
epoch:	40	rewards:	[[3.9962620e-02 8.1454858e-04 2.1367906e-02 1.7846754e-02 1.0658693e-03
  1.1036543e-03 9.6589810e-04 1.1036543e-03 1.1036543e-03 1.1036543e-03
  1.1036543e-03 1.1036543e-03 1.1036543e-03 1.1036543e-03 1.1036543e-03
  1.1036543e-03 1.0347534e-03 1.1036543e-03]
 [9.1986004e-03 2.8115429e-02 1.2946188e-02 8.9965723e-03 9.1962190e-03
  2.1599740e-02 9.9277887e-03 5.6542489e-03 8.4012572e-05 1.2513598e-04
  6.7922811e-05 3.7780089e-06 9.3583814e-08 9.7111752e-08 8.4931443e-08
  9.0284956e-08 9.0284956e-08 9.0284956e-08]
 [1.2539403e-03 3.8301639e-04 7.4933231e-02 8.0734922e-04 3.3813322e-04
  3.2600402e-04 3.4772465e-04 3.4772465e-04 3.4772465e-04 3.4772465e-04
  3.4772465e-04 3.4772465e-04 3.4772465e-04 3.4772465e-04 3.4772465e-04
  3.4772465e-04 3.4772465e-04 3.4772465e-04]
 [4.2449731e-02 7.5131997e-02 1.4348218e-03 1.5354331e-03 4.4656023e-03
  1.0594027e-04 8.1246824e-04 3.0577803e-04 3.0577803e-04 2.8673472e-04
  3.0577803e-04 3.0577803e-04 3.0577803e-04 3.0577803e-04 3.0577803e-04
  3.0577803e-04 3.0577803e-04 3.0577803e-04]
 [6.3789124e-04 3.9672524e-02 5.9411015e-02 1.3704750e-05 6.9080323e-07
  2.6221456e-05 2.6331265e-05 6.5662673e-05 3.1167510e-05 1.1522622e-05
  3.4157492e-06 6.8358167e-07 1.8749692e-07 5.0737444e-08 2.0215083e-08
  4.8172745e-07 1.0172986e-07 8.3391658e-09]]
epoch:	45	rewards:	[[1.48002226e-02 2.49156766e-02 4.94112261e-02 4.48822248e-04
  7.64693075e-04 7.64693075e-04 7.64693075e-04 7.64693075e-04
  7.64693075e-04 7.64693075e-04 7.16912036e-04 7.64693075e-04
  7.64693075e-04 7.16911978e-04 7.64693075e-04 7.64693075e-04
  7.19018164e-04 7.64693075e-04]
 [1.55592896e-02 4.75114994e-02 9.51146707e-02 3.89630644e-04
  5.37894629e-02 5.47733642e-02 1.31892136e-06 7.84189297e-07
  1.99270721e-06 2.00367163e-06 2.11901306e-06 2.11901306e-06
  2.11901306e-06 2.11901306e-06 2.11901306e-06 1.98712451e-06
  2.11901306e-06 2.11901306e-06]
 [2.72384525e-04 1.31252118e-05 1.07020905e-05 9.40327573e-06
  1.08038876e-05 1.10712210e-06 1.49001266e-07 2.00298018e-06
  1.07839685e-06 2.12400732e-06 4.85991632e-06 6.80966832e-06
  5.81621134e-06 6.79709729e-06 1.51846943e-05 1.51846943e-05
  1.51846943e-05 1.51846943e-05]
 [2.16102377e-02 7.15208650e-02 4.75092754e-02 1.54878781e-03
  1.18593946e-01 1.66082576e-01 3.31340373e-01 3.77433002e-01
  3.53874087e-01 3.77433002e-01 3.77433002e-01 3.77433002e-01
  3.77433002e-01 3.53873670e-01 3.77433002e-01 3.77433002e-01
  3.53874505e-01 3.77433002e-01]
 [2.44852547e-02 9.45010260e-02 7.09140301e-02 7.14005753e-02
  7.74256187e-05 1.26318328e-05 3.42105959e-05 2.34665413e-06
  1.08246093e-06 8.03211333e-06 8.03211333e-06 7.53400627e-06
  8.03211333e-06 7.53168388e-06 8.03211333e-06 8.03211333e-06
  8.03211333e-06 8.03211333e-06]]
epoch:	49	rewards:	[[1.1718590e-02 2.2558695e-04 5.4947596e-02 3.8145393e-01 3.6691243e-04
  3.9024733e-04 4.1617511e-04 4.1617511e-04 4.1617511e-04 4.1617511e-04
  4.1617511e-04 4.1617511e-04 4.1617511e-04 3.9023915e-04 3.9024331e-04
  4.1617511e-04 4.1617511e-04 4.1617511e-04]
 [7.5902767e-02 3.3268198e-02 2.2877926e-02 7.0988858e-04 5.7697143e-06
  4.4077937e-05 3.3021752e-05 1.1567901e-05 5.5069049e-05 1.5803239e-10
  9.1753848e-11 1.0647816e-09 2.0559934e-09 9.5744017e-11 8.1204321e-11
  1.5459452e-10 3.6759512e-11 1.9478669e-11]
 [1.1529057e-02 1.1458718e-02 1.0090878e-01 1.6392556e-05 1.5882477e-05
  7.4717327e-06 2.8636438e-07 2.6083427e-08 6.4386103e-07 1.9056632e-06
  5.8637465e-08 1.3795127e-06 1.5870205e-07 3.2741409e-07 3.4882356e-07
  3.2730682e-07 3.2717097e-07 3.4882356e-07]
 [4.3214131e-02 4.4853710e-02 3.2800153e-02 2.0412350e-05 1.8315643e-05
  5.5880766e-05 1.0475659e-05 1.9435942e-05 1.7637867e-05 9.4493134e-06
  9.4493134e-06 9.4493134e-06 9.4493134e-06 9.4493134e-06 8.8591387e-06
  9.4493134e-06 9.4493134e-06 9.4493134e-06]
 [3.3296503e-02 3.2936599e-02 2.2086749e-04 7.2798714e-05 3.2348800e-07
  6.6768465e-08 3.9536705e-08 3.1299713e-08 4.2661530e-10 2.1865854e-10
  3.5620951e-10 4.4185502e-10 2.4594302e-11 3.0127517e-13 2.6586402e-13
  4.9640262e-13 3.2528269e-13 3.2041684e-13]]
