pre-training...
epoch:	0	nll:	1.3496736
epoch:	5	nll:	0.48279086
epoch:	10	nll:	0.3869773
epoch:	15	nll:	0.3528223
epoch:	20	nll:	0.328171
epoch:	25	nll:	0.31152168
epoch:	30	nll:	0.29386038
epoch:	35	nll:	0.27454054
epoch:	40	nll:	0.25938326
epoch:	45	nll:	0.2496039
epoch:	50	nll:	0.2475301
epoch:	55	nll:	0.2411564
epoch:	60	nll:	0.23442626
epoch:	65	nll:	0.21922839
epoch:	70	nll:	0.2115641
epoch:	75	nll:	0.20421013
epoch:	80	nll:	0.19857347
epoch:	85	nll:	0.18824416
epoch:	90	nll:	0.18066648
epoch:	95	nll:	0.17877784
epoch:	100	nll:	0.16526645
epoch:	105	nll:	0.15196264
epoch:	110	nll:	0.15403815
epoch:	115	nll:	0.1317706
adversarial training...
epoch:	0	rewards:	[[0.02404456 0.00847621 0.02039041 0.03229949 0.10283185 0.10283185
  0.10283185 0.10283185 0.10283185 0.10283185 0.10283185 0.10283185
  0.10283185 0.10283185 0.10283185 0.10283185 0.10283185 0.10283185]
 [0.02504324 0.0272226  0.0300786  0.12278011 0.09771885 0.10283185
  0.10283185 0.10283185 0.10283185 0.10283185 0.10283185 0.10283185
  0.10283185 0.10283185 0.10283185 0.10283185 0.10283185 0.10283185]
 [0.11893207 0.04342824 0.07395287 0.02982724 0.00103334 0.00019483
  0.00035567 0.00035996 0.00050246 0.00060351 0.00060351 0.00060351
  0.00060351 0.00060351 0.00060351 0.00060351 0.00060351 0.00060351]
 [0.00864576 0.02261661 0.03874343 0.08404574 0.03098681 0.00913762
  0.01445903 0.12399922 0.00724883 0.02638914 0.06795842 0.00114058
  0.00098025 0.00041158 0.00041158 0.00041158 0.00041158 0.00041158]
 [0.00239748 0.00745689 0.03934924 0.09882268 0.0017947  0.0017947
  0.0017947  0.0017947  0.0017947  0.0017947  0.0017947  0.0017947
  0.0017947  0.0017947  0.0017947  0.0017947  0.0017947  0.0017947 ]]
epoch:	5	rewards:	[[1.1040851e-02 3.3622250e-02 1.7257109e-02 4.1249130e-02 1.8304848e-03
  9.7677379e-04 9.8047906e-04 6.9964060e-04 9.3433622e-04 1.3254021e-03
  1.9865567e-03 1.5456679e-03 2.6527198e-03 1.4872380e-04 1.9730834e-04
  1.8861814e-04 8.4892847e-05 8.4892847e-05]
 [1.7529645e-03 1.9568477e-02 2.0879045e-02 1.0759889e-02 2.1663022e-03
  1.7308168e-02 3.9379049e-02 1.1074690e-03 4.0599793e-02 2.5226182e-04
  3.0159208e-04 1.8152239e-04 1.7011390e-04 1.6253447e-04 1.7247551e-04
  1.6333866e-04 1.7247551e-04 1.7247551e-04]
 [2.2805341e-02 4.7138922e-02 3.1186799e-03 2.1778373e-02 4.1822279e-03
  1.2214456e-03 4.6729565e-02 1.2023057e-03 7.3996191e-05 1.4096448e-04
  2.5949578e-04 2.5949578e-04 2.5949578e-04 2.5949578e-04 2.5949578e-04
  2.5949578e-04 2.5949578e-04 2.5949578e-04]
 [4.0462174e-02 1.9938214e-02 5.3243853e-02 1.8835806e-03 8.0559939e-02
  3.2911368e-02 7.4444129e-04 1.8451909e-03 9.5040520e-04 7.6304551e-04
  6.8696705e-04 1.4415698e-04 2.8135872e-04 2.5640940e-04 1.0877920e-04
  1.0175887e-04 9.4738549e-05 1.3527796e-05]
 [2.7841085e-03 2.3986038e-02 6.4918973e-02 6.8079747e-02 4.0636960e-02
  6.5415725e-02 7.9850964e-02 8.9366533e-02 2.7697345e-03 3.2116119e-03
  1.3735928e-03 3.5570585e-03 1.6960237e-03 6.5938602e-03 6.5938602e-03
  6.5938602e-03 6.5938602e-03 6.5938602e-03]]
epoch:	10	rewards:	[[0.05579637 0.0328435  0.014598   0.07264969 0.20608576 0.09698775
  0.21560845 0.0666118  0.11912405 0.3933801  0.792167   0.792167
  0.792167   0.792167   0.792167   0.792167   0.792167   0.792167  ]
 [0.05735135 0.05427336 0.06277803 0.04572985 0.0823491  0.03530429
  0.07723051 0.11010076 0.03196299 0.01052205 0.02182799 0.02761928
  0.02761928 0.02761928 0.02761928 0.02761928 0.02761928 0.02761928]
 [0.08186283 0.04876173 0.03157112 0.07798974 0.04092164 0.0860206
  0.09632889 0.09165742 0.09632889 0.09632889 0.09632889 0.09632889
  0.09632889 0.09632889 0.09632889 0.09632889 0.09632889 0.09632889]
 [0.00999406 0.03089941 0.13468172 0.04310397 0.16101554 0.05281299
  0.02555629 0.00913792 0.01028488 0.06865644 0.00323857 0.00361202
  0.00228734 0.00181246 0.00229457 0.00190952 0.00280561 0.00280561]
 [0.08630454 0.05285966 0.0814831  0.04824512 0.00532756 0.00550497
  0.00566417 0.00566417 0.00566417 0.00566417 0.00566417 0.00566417
  0.00566417 0.00566417 0.00566417 0.00566417 0.00566417 0.00566417]]
epoch:	15	rewards:	[[3.1559873e-02 2.5248503e-02 2.4228461e-02 8.1197329e-02 6.6826634e-02
  8.4960438e-02 6.0910385e-02 5.0357386e-04 4.2926907e-03 9.6833048e-04
  1.7572368e-03 1.3209591e-03 7.0359738e-04 2.2790879e-05 9.5944652e-06
  1.2515413e-05 2.3656844e-06 1.3224222e-06]
 [7.7565007e-02 2.8178671e-02 3.7608653e-02 2.8319988e-02 1.5837149e-01
  9.3250833e-02 2.0139968e-01 1.0364731e-01 1.7585319e-01 2.0051108e-01
  1.5134247e-01 1.5134247e-01 2.4982686e-01 2.0051108e-01 3.9777419e-01
  3.9777419e-01 3.9777419e-01 3.9777419e-01]
 [2.3653474e-02 9.6774511e-02 3.2378270e-03 2.5521873e-02 1.4183153e-01
  5.5866032e-03 1.0352395e-03 1.8414173e-03 1.4641272e-03 3.5157907e-03
  5.7206192e-04 1.4860153e-03 6.6921825e-04 5.0262141e-05 6.9163929e-05
  7.2693721e-05 9.0550071e-05 5.7070065e-05]
 [8.0529638e-02 2.3262350e-02 6.7935288e-02 6.6861287e-02 6.5517761e-02
  5.9715249e-02 1.6689432e-01 6.1024092e-02 1.6421839e-03 7.6934736e-04
  4.2962102e-04 3.9069608e-04 2.3120121e-04 2.2620500e-04 2.2620500e-04
  2.2620500e-04 2.2620500e-04 2.2620500e-04]
 [9.6769392e-02 4.0655129e-02 2.4560291e-02 3.2750778e-02 5.7980563e-02
  8.7112859e-02 1.6803542e-03 1.7501256e-01 1.6084934e-03 1.0892674e-03
  9.1706077e-03 2.4859520e-04 1.7403015e-04 3.1249542e-04 3.1156582e-04
  1.9025376e-04 1.4496203e-04 2.0187633e-04]]
epoch:	20	rewards:	[[2.05656141e-02 5.56118153e-02 3.59650850e-02 5.51377982e-02
  1.87372472e-02 1.19996369e-01 9.35333744e-02 1.16190739e-01
  1.57374650e-01 4.16227104e-03 2.66929995e-03 2.54399865e-03
  2.59529683e-03 2.59529683e-03 2.59529683e-03 2.59529683e-03
  2.59529683e-03 2.59529683e-03]
 [3.61254923e-02 3.01270615e-02 5.33161387e-02 1.19404107e-01
  1.14972636e-01 1.13261342e-01 4.91508609e-03 6.01876061e-03
  4.10557492e-03 1.26847601e-03 7.51814619e-03 6.91429107e-03
  1.54837815e-03 3.10799311e-04 3.44255852e-04 5.28715609e-04
  5.28715609e-04 5.28715609e-04]
 [6.44817054e-02 3.86429988e-02 8.24790448e-02 4.13833372e-02
  1.14451349e-01 1.33427039e-01 2.87760437e-01 3.38068694e-01
  7.86345731e-03 4.99212788e-03 8.69876053e-03 8.45097378e-03
  1.23769492e-02 7.19615445e-03 3.65925208e-03 5.40304836e-03
  6.49041682e-03 7.23589770e-03]
 [5.60789108e-02 1.25765502e-01 5.70871010e-02 1.29735768e-01
  2.37567708e-01 2.65086204e-01 2.65086204e-01 2.65086204e-01
  2.65086204e-01 2.65086204e-01 2.65086204e-01 2.65086204e-01
  2.65086204e-01 2.65086204e-01 2.65086204e-01 2.65086204e-01
  2.65086204e-01 2.65086204e-01]
 [5.46877310e-02 1.01299770e-01 1.44976988e-01 3.63406874e-02
  6.96039125e-02 8.98169801e-02 2.58035302e-01 3.38735580e-01
  4.48704749e-01 4.48704749e-01 4.48704749e-01 4.48704749e-01
  4.48704749e-01 4.48704749e-01 4.48704749e-01 4.48704749e-01
  4.48704749e-01 4.48704749e-01]]
epoch:	25	rewards:	[[1.33551955e-01 1.77690551e-01 1.38655767e-01 3.43013033e-02
  9.57944095e-02 5.97384274e-02 3.84540972e-03 3.85478102e-02
  3.63053717e-02 2.46968423e-03 6.10885397e-03 2.06974708e-03
  6.06251764e-04 4.85155382e-04 6.85233739e-04 7.08907261e-04
  9.84954415e-04 1.20792235e-03]
 [9.08320248e-02 1.48457006e-01 1.19787522e-01 9.57933664e-02
  5.45882583e-02 2.40339036e-03 3.59329581e-03 1.65693071e-02
  1.89344343e-02 7.07606552e-04 8.62197136e-04 7.10326305e-04
  9.20519058e-04 8.92667682e-04 9.47351509e-04 9.47351509e-04
  9.47351509e-04 9.47351509e-04]
 [5.25399633e-02 7.79034570e-02 4.81094122e-02 9.12924409e-02
  2.70562880e-02 2.56590229e-02 1.01459645e-01 3.98336090e-02
  9.08315997e-04 5.41408313e-03 1.62601960e-03 1.31781038e-03
  1.19356550e-02 2.90652242e-04 9.89822438e-04 7.27395294e-04
  2.09725183e-03 5.61215100e-04]
 [2.11799648e-02 8.86994526e-02 2.09767558e-03 9.87818763e-02
  5.40099926e-02 4.11408804e-02 2.91218497e-02 1.89477729e-03
  8.39440618e-04 1.59742427e-03 2.80847158e-02 4.85150144e-04
  7.79322833e-02 1.80726290e-01 2.05880657e-01 3.84503663e-01
  4.09715772e-01 4.09715772e-01]
 [1.03393316e-01 2.69310445e-01 2.91602127e-02 1.34891614e-01
  5.81926294e-02 5.78009849e-03 1.57307863e-01 2.69940764e-01
  3.08109313e-01 3.08109313e-01 3.08109313e-01 3.08109313e-01
  3.08109313e-01 3.08109313e-01 3.08109313e-01 3.08109313e-01
  3.08109313e-01 3.08109313e-01]]
epoch:	30	rewards:	[[1.72227383e-01 6.74041966e-03 1.14288911e-01 6.14229105e-02
  7.31956661e-02 8.52710754e-02 2.74872361e-03 1.64132798e-03
  4.16869065e-03 6.79915724e-03 1.57161010e-03 5.23812557e-03
  8.42910667e-04 7.95921194e-04 4.74229513e-04 7.54619134e-04
  7.54619134e-04 7.54619134e-04]
 [2.48705014e-03 8.61567631e-02 3.50809097e-02 8.72222409e-02
  5.60854040e-02 7.73782358e-02 1.17487103e-01 6.96657300e-02
  2.21304148e-01 1.58128455e-01 7.05314055e-02 1.66088492e-01
  4.88326967e-01 4.07613635e-01 4.60166872e-01 5.58326900e-01
  6.81628883e-02 2.29244605e-02]
 [9.95509401e-02 1.99343786e-02 2.00417032e-03 3.26479375e-02
  4.13347362e-03 4.13347362e-03 4.13347362e-03 4.13347362e-03
  4.13347362e-03 4.13347362e-03 4.13347362e-03 4.13347362e-03
  4.13347362e-03 4.13347362e-03 4.13347362e-03 4.13347362e-03
  4.13347362e-03 4.13347362e-03]
 [1.49316443e-02 7.43081197e-02 4.21977565e-02 1.20248534e-01
  4.17149812e-02 1.51312873e-02 5.27700000e-02 1.45557299e-02
  3.00764944e-03 2.52308650e-03 3.19821271e-03 3.15557513e-03
  1.05848734e-03 1.19995838e-03 1.23704015e-03 1.13950565e-03
  1.06896309e-03 1.22891390e-03]
 [5.92863001e-02 8.20157155e-02 5.62170371e-02 1.10750973e-01
  4.95445728e-02 2.50884332e-02 4.02133120e-03 1.83185644e-03
  1.61631964e-02 1.95615808e-03 1.90799218e-03 2.04975228e-03
  9.91770066e-03 1.89211443e-02 3.14091779e-02 3.31539847e-02
  3.31539847e-02 3.31539847e-02]]
epoch:	35	rewards:	[[8.1732182e-04 1.9834818e-02 1.9194471e-03 2.2178626e-02 4.0869117e-02
  1.8920360e-02 1.7028634e-02 5.0258631e-04 1.5378400e-04 8.6948305e-05
  1.1179262e-04 1.2264497e-04 1.2264497e-04 1.2264497e-04 1.1536742e-04
  1.2264497e-04 1.2264497e-04 1.2264497e-04]
 [3.8800307e-02 9.6398668e-04 1.1197173e-02 5.7642981e-02 5.0605338e-02
  1.7290905e-02 1.7026268e-04 4.1179503e-03 1.9568703e-04 4.3162130e-05
  1.5339415e-04 2.3294915e-04 1.3839378e-04 2.9262138e-04 6.9267429e-07
  1.1835471e-06 8.7321763e-07 8.7321763e-07]
 [6.0646813e-02 3.6193650e-02 2.6028508e-02 6.1937578e-02 6.3765891e-02
  2.0624392e-02 5.1307265e-02 6.2652513e-02 7.3589617e-05 4.7129719e-04
  1.9873139e-04 7.1244038e-05 3.4433344e-04 5.7523437e-05 4.5772907e-05
  4.6907451e-05 6.1403945e-05 6.1403945e-05]
 [1.9830586e-03 4.9372803e-02 4.2844299e-02 7.1399137e-02 1.7273840e-02
  1.8222490e-02 4.7793999e-02 6.4361712e-04 2.6173837e-04 1.0073095e-04
  4.7272544e-05 4.1866903e-03 3.7734157e-05 9.5790574e-06 1.2358716e-05
  8.3572490e-07 1.5599268e-06 4.2777642e-06]
 [2.6701031e-02 2.7478633e-02 7.1825042e-02 2.6334547e-02 3.3034984e-02
  2.0069175e-03 6.0253866e-02 6.0778163e-02 3.3874050e-02 8.7795161e-02
  4.5821622e-01 4.5821622e-01 4.5821622e-01 4.4797322e-01 4.5821622e-01
  4.5821622e-01 4.5821622e-01 4.5821622e-01]]
epoch:	40	rewards:	[[7.4094342e-04 3.2513693e-02 3.0666538e-02 6.8119794e-02 5.4784063e-02
  1.6051611e-03 5.4254282e-02 5.4891518e-04 2.1719999e-04 7.0732716e-03
  1.2367983e-04 1.0137063e-02 6.7289239e-03 1.6601756e-04 6.5947481e-04
  6.5947481e-04 6.5947481e-04 6.5947481e-04]
 [4.0668342e-04 3.3114634e-02 2.8590865e-02 3.4045063e-02 3.3532500e-02
  1.7541314e-02 3.6497142e-03 2.6458204e-02 7.2472659e-03 6.8965345e-04
  6.7549082e-04 6.5957027e-04 4.9915776e-04 2.7376278e-03 8.1365230e-03
  8.5613132e-03 8.5613132e-03 8.5613132e-03]
 [3.1143676e-02 1.7247498e-02 2.7431464e-02 1.4552673e-03 7.8775942e-02
  7.9275310e-02 9.5045410e-02 4.9574986e-02 7.1737461e-02 2.3045349e-03
  7.7748443e-03 7.7748443e-03 7.7748443e-03 7.7748443e-03 7.7748443e-03
  7.7748443e-03 7.7748443e-03 7.7748443e-03]
 [4.4028200e-02 6.3246332e-02 6.7122988e-02 8.4232941e-04 2.9265471e-02
  1.2548809e-02 3.1170485e-04 5.4005820e-02 1.0518818e-03 1.6152157e-01
  2.2698475e-01 2.1921799e-01 3.3458069e-01 6.9973332e-01 8.6001974e-01
  8.6001974e-01 8.6001974e-01 8.6001974e-01]
 [3.2580007e-02 3.2766465e-02 1.6176160e-02 4.3501742e-02 9.1415097e-04
  6.7175744e-04 4.7667478e-03 1.4533412e-03 3.0744265e-04 1.5852683e-04
  7.1478230e-03 3.8681137e-05 3.0513444e-05 2.8440900e-05 2.1634276e-05
  2.1634274e-05 1.7489179e-05 1.7489179e-05]]
epoch:	45	rewards:	[[5.44708632e-02 1.32376015e-01 9.32341963e-02 1.21236585e-01
  3.11759505e-02 6.60141483e-02 2.88678948e-02 1.15119008e-04
  1.06884144e-01 2.40262034e-05 1.03139901e-03 1.03311462e-03
  5.13387937e-03 3.08063743e-03 7.69903325e-03 1.86575780e-05
  1.94665590e-05 1.94665590e-05]
 [2.53453404e-02 1.62278414e-02 2.23690979e-02 6.45564049e-02
  8.32430305e-05 2.19218891e-05 1.63511184e-04 7.43568444e-06
  1.35125709e-04 3.54803313e-04 9.00252672e-08 1.91924514e-07
  1.91924514e-07 1.91924514e-07 1.91924514e-07 1.91924514e-07
  1.91924514e-07 1.91924514e-07]
 [2.27347296e-02 1.60768908e-02 1.60138588e-02 2.09742803e-02
  1.21763046e-03 1.21763046e-03 1.21763046e-03 1.21763046e-03
  1.21763046e-03 1.21763046e-03 1.21763046e-03 1.21763046e-03
  1.21763046e-03 1.21763046e-03 1.21763046e-03 1.21763046e-03
  1.21763046e-03 1.21763046e-03]
 [1.02837123e-01 1.76148992e-02 3.18612680e-02 7.09788054e-02
  5.08441962e-02 4.02334001e-04 1.21950859e-03 1.02173246e-03
  1.17386424e-03 2.22484604e-03 4.46695182e-03 3.34667554e-03
  4.58569126e-03 5.92652978e-05 6.19559651e-05 5.92652978e-05
  2.96679136e-05 2.96679136e-05]
 [9.82940719e-02 6.66697323e-02 3.19404677e-02 6.53785914e-02
  3.56835127e-02 2.91980291e-03 2.45237634e-01 1.50332004e-01
  3.00433606e-01 3.00433606e-01 3.00433606e-01 3.00433606e-01
  3.00433606e-01 3.00433606e-01 3.00433606e-01 3.00433606e-01
  3.00433606e-01 3.00433606e-01]]
epoch:	49	rewards:	[[3.6365604e-03 1.7956257e-04 4.5540895e-02 4.4053502e-02 2.5439198e-04
  6.5327872e-04 3.9716420e-04 1.9248181e-04 3.0228698e-03 8.9350325e-04
  2.5982888e-05 5.1992858e-05 1.8623415e-06 1.8623415e-06 1.8623415e-06
  1.7638406e-06 1.8623415e-06 1.8623415e-06]
 [4.3376911e-02 6.8897255e-02 3.4221791e-02 1.2033766e-02 2.2661611e-02
  2.4659244e-02 4.3212891e-02 5.2310809e-02 2.4072597e-04 3.5876298e-04
  5.7034951e-04 2.8973633e-05 5.8994938e-06 2.9356542e-07 5.6673264e-07
  6.9925369e-07 3.1765046e-07 1.6064478e-08]
 [4.4882488e-02 1.5425391e-03 1.5064710e-01 7.4682564e-02 5.3163033e-02
  7.4235693e-02 4.3902751e-02 4.1320454e-04 4.0905338e-04 2.5044153e-03
  1.5104633e-04 3.1784963e-05 2.7734912e-03 1.0471339e-04 1.1167929e-04
  1.1167929e-04 1.1167929e-04 1.1167929e-04]
 [6.7591608e-02 2.4012713e-02 3.4212533e-02 6.7631036e-02 5.3534535e-04
  4.5537442e-04 2.8423271e-01 2.2504243e-01 2.3824261e-03 1.2773348e-03
  2.8706593e-03 3.1400966e-03 4.9974509e-03 1.9483303e-03 9.4311479e-03
  9.4311479e-03 9.4311479e-03 9.4311479e-03]
 [4.1943002e-02 2.2223476e-02 5.5664446e-02 4.3135945e-02 6.4587377e-02
  8.4051922e-02 1.0907390e-01 6.6514619e-02 2.5692297e-04 7.0218474e-04
  4.4366638e-07 2.3755814e-07 2.3755814e-07 2.3755814e-07 2.2406503e-07
  2.3755814e-07 2.3755814e-07 2.3755814e-07]]
