pre-training...
epoch:	0	nll:	1.3411891
epoch:	5	nll:	0.9244677
epoch:	10	nll:	0.52780384
epoch:	15	nll:	0.4644847
epoch:	20	nll:	0.43608633
epoch:	25	nll:	0.41575664
epoch:	30	nll:	0.40333265
epoch:	35	nll:	0.3915872
epoch:	40	nll:	0.38035977
epoch:	45	nll:	0.36995506
epoch:	50	nll:	0.35968003
epoch:	55	nll:	0.3496353
epoch:	60	nll:	0.33968067
epoch:	65	nll:	0.32717198
epoch:	70	nll:	0.31906554
epoch:	75	nll:	0.30913147
epoch:	80	nll:	0.2928488
epoch:	85	nll:	0.28039122
epoch:	90	nll:	0.26605046
epoch:	95	nll:	0.2587428
epoch:	100	nll:	0.2597103
epoch:	105	nll:	0.22390312
epoch:	110	nll:	0.20793617
epoch:	115	nll:	0.18402416
adversarial training...
epoch:	0	rewards:	[[5.38199535e-03 5.72450384e-02 1.33906519e-02 1.03422336e-03
  5.19251393e-04 5.65768860e-04 4.53234743e-03 5.19215355e-05
  3.38314567e-05 3.41850973e-05 9.95729933e-05 2.67113792e-04
  7.82361531e-05 3.91363828e-05 7.88679972e-05 1.53059773e-05
  1.33054864e-05 1.08695240e-05]
 [8.20747204e-03 1.43427856e-03 1.58394948e-02 2.10746787e-02
  2.88187452e-02 2.38229707e-02 1.25773367e-03 1.46548648e-03
  1.46548648e-03 1.46548648e-03 1.46548648e-03 1.46548648e-03
  1.46548648e-03 1.46548648e-03 1.46548648e-03 1.46548648e-03
  1.46548648e-03 1.46548648e-03]
 [3.08134896e-03 5.77226514e-03 7.30786100e-02 1.20189162e-02
  4.07183630e-04 2.94666947e-03 3.22699751e-04 4.13638947e-04
  3.08045093e-03 2.69493787e-03 1.90309787e-04 7.86150689e-04
  1.82607240e-04 5.11358550e-04 3.35126679e-04 3.06688627e-04
  3.44906875e-04 3.44906875e-04]
 [5.58156846e-03 5.33820316e-03 1.14381204e-04 9.23597137e-04
  1.06402978e-01 2.33879749e-04 3.02970584e-04 1.37461000e-03
  7.82910094e-04 1.47210255e-01 5.20899817e-02 5.16402647e-02
  1.99397311e-01 4.50478166e-01 4.48734194e-01 5.96353948e-01
  3.71731892e-02 3.71731892e-02]
 [3.44272237e-03 5.47004156e-02 4.55668487e-04 1.00433885e-03
  6.53535753e-05 2.47050575e-05 5.49268210e-04 9.21805167e-06
  5.21016540e-04 6.19289222e-06 6.64508798e-06 6.64508798e-06
  6.34548587e-06 6.64508798e-06 6.64508798e-06 6.64508798e-06
  6.64508798e-06 6.64508798e-06]]
epoch:	5	rewards:	[[0.02299034 0.01556267 0.0842199  0.07250182 0.07968009 0.10389508
  0.13684905 0.13684905 0.13684905 0.12868261 0.13684905 0.13684905
  0.13684905 0.12883545 0.13684905 0.13684905 0.13684905 0.13684905]
 [0.02018817 0.01922104 0.00141051 0.00900104 0.00693611 0.00334839
  0.03483823 0.00389067 0.02776115 0.04868445 0.00078273 0.0008283
  0.0008283  0.0008283  0.0008283  0.00078682 0.0008283  0.0008283 ]
 [0.01058629 0.02233913 0.01792182 0.00559184 0.00173143 0.00332215
  0.01511986 0.00293926 0.00807757 0.00633844 0.00782251 0.00897512
  0.01276621 0.01003385 0.01052251 0.00980452 0.00386472 0.00452102]
 [0.00318219 0.00198486 0.00236302 0.00125624 0.01373125 0.00035063
  0.00051869 0.02341624 0.04819854 0.0302023  0.117013   0.0951374
  0.00050131 0.0002702  0.0002702  0.00024457 0.00026004 0.0002702 ]
 [0.01814848 0.01055457 0.00570558 0.00232095 0.00458617 0.00142026
  0.00362401 0.00056504 0.00038431 0.00036317 0.00534015 0.00038166
  0.00038166 0.00038166 0.00038166 0.00038166 0.00038166 0.00038166]]
epoch:	10	rewards:	[[1.1827779e-02 2.4839770e-03 1.0693908e-03 2.2939863e-03 1.4133792e-03
  2.9043399e-04 5.2460372e-03 4.1784262e-03 6.0675256e-03 3.7981643e-04
  5.6341296e-04 5.4713886e-04 2.9872012e-04 1.4465864e-04 9.5239567e-04
  5.2124928e-05 4.7472178e-05 4.6604433e-05]
 [3.6661614e-02 9.9980282e-03 7.1957349e-03 1.2298655e-03 1.5239386e-03
  1.7693328e-02 6.0045649e-04 3.2924383e-03 2.1692107e-03 2.6886954e-03
  2.1799225e-03 2.4126596e-03 2.4126596e-03 2.4126596e-03 2.2979516e-03
  2.4126596e-03 2.2887411e-03 2.4126596e-03]
 [1.9072728e-02 1.0418321e-02 2.7336674e-03 2.8217519e-03 2.2930449e-02
  4.2441517e-02 5.6027487e-02 7.8762218e-04 7.8238884e-04 8.1110699e-04
  7.6876493e-04 7.6876493e-04 7.6876493e-04 7.6876493e-04 7.6876493e-04
  7.6876493e-04 7.6876493e-04 7.6876493e-04]
 [2.3324799e-03 2.3064489e-04 1.0016838e-03 7.4548693e-04 3.1081686e-04
  2.2896263e-03 2.2693037e-04 3.8728546e-02 7.8797646e-05 2.4860053e-04
  5.5457778e-05 1.3677836e-04 1.1382136e-05 8.8630681e-05 1.0972575e-04
  2.3787707e-05 3.3428849e-05 6.7582801e-06]
 [7.2641899e-03 7.0642243e-04 2.9875310e-03 6.5672826e-03 9.9837116e-04
  1.4661370e-02 1.7256741e-04 1.4578212e-02 1.4538042e-02 9.1548933e-04
  1.7007155e-04 1.6389869e-04 2.4893045e-04 2.3795445e-04 2.4893045e-04
  2.4893045e-04 2.4893045e-04 2.4893045e-04]]
epoch:	15	rewards:	[[5.92917716e-03 6.52085233e-04 1.27767306e-03 8.81811604e-03
  1.81611185e-03 3.95267922e-03 2.96611775e-04 3.17837857e-03
  1.21862315e-04 4.31476440e-03 1.84257026e-03 2.51250312e-04
  1.52306064e-04 1.16370342e-04 1.28232859e-04 1.28232859e-04
  1.28232859e-04 1.28232859e-04]
 [2.09428035e-02 4.86053824e-02 7.70379324e-03 6.07043214e-04
  5.57535270e-04 1.38809090e-03 2.43542177e-04 7.77934329e-04
  7.85834389e-04 6.14540128e-04 2.12297513e-04 7.77594760e-05
  6.72307287e-05 1.27013627e-04 1.34297821e-04 8.76134363e-05
  1.25195715e-04 1.29529144e-04]
 [5.78916771e-03 1.71356834e-02 5.50501700e-03 7.11414367e-02
  3.73875420e-03 4.75318078e-03 6.96308154e-04 1.17307089e-01
  1.85417876e-01 9.88516258e-04 5.00087300e-03 4.23250953e-03
  2.30438216e-03 3.34907847e-04 5.53482620e-04 5.80089167e-04
  3.02049069e-04 2.77478044e-04]
 [6.38272054e-03 6.11634785e-03 1.05842564e-03 7.25850230e-04
  3.62628512e-03 3.96671239e-03 1.36828428e-04 3.80156591e-04
  6.24019280e-02 3.75219097e-04 5.89510251e-04 5.82003128e-03
  2.59246328e-04 3.28536378e-04 3.73251765e-04 1.07688960e-04
  1.80588526e-04 2.79526052e-04]
 [2.40365067e-03 1.19407866e-02 3.76460841e-03 1.16503111e-03
  3.43433488e-03 2.55451188e-03 1.23382196e-01 6.17105700e-02
  1.17139751e-03 5.67662604e-02 1.24186061e-01 2.24055380e-01
  1.61429215e-03 3.30850569e-04 1.53714718e-04 1.50319654e-04
  2.14348867e-04 5.14694921e-06]]
epoch:	20	rewards:	[[1.54252062e-02 1.63219851e-02 1.24135183e-03 3.93052469e-04
  1.32999121e-04 1.98971422e-04 7.61083094e-04 1.85392433e-04
  2.48748285e-04 2.45444040e-04 1.35023729e-03 7.08410080e-05
  2.69647688e-03 1.39672123e-03 2.77222786e-03 6.94024470e-03
  2.65368115e-04 1.05015475e-04]
 [4.51095365e-02 1.49867050e-02 1.03446387e-01 3.31976754e-03
  5.40434557e-04 7.08851323e-04 6.97609270e-04 1.80820891e-04
  2.69313692e-04 1.19893703e-04 8.41667497e-05 1.05133746e-04
  9.10017479e-05 1.89263577e-04 1.99151633e-04 1.99151633e-04
  1.99151633e-04 1.99151633e-04]
 [5.98916784e-02 1.55459438e-02 9.86774103e-04 4.37135948e-03
  6.16719984e-02 9.42538842e-04 1.04569388e-03 2.75320187e-03
  1.70676038e-03 1.70676038e-03 1.70676038e-03 1.70676038e-03
  1.70676038e-03 1.70676038e-03 1.70676038e-03 1.70676038e-03
  1.51675544e-03 1.70676038e-03]
 [3.06474678e-02 2.33694282e-03 4.72912332e-04 3.55317234e-03
  5.17082214e-03 2.05924804e-03 4.95875196e-04 6.21660671e-04
  8.33153026e-04 5.31143683e-04 5.98824583e-04 5.98824583e-04
  5.98824583e-04 5.98824583e-04 5.98824583e-04 5.98824583e-04
  5.68659685e-04 5.98824583e-04]
 [4.56160121e-02 4.58286442e-02 3.78418335e-04 1.60955638e-03
  9.45733394e-04 2.26923672e-04 2.00724651e-04 1.13219648e-04
  1.76361093e-04 1.29366206e-04 7.27195479e-03 7.32245913e-04
  5.54164574e-02 1.08830514e-03 2.33747822e-04 5.31236874e-04
  3.74968222e-04 4.46754013e-04]]
epoch:	25	rewards:	[[7.04367971e-03 2.11528363e-03 2.34052353e-03 4.70491155e-04
  3.12921067e-04 1.26329702e-04 2.77758464e-02 2.08985351e-04
  2.77573057e-02 2.17853798e-04 8.62941553e-04 5.21656766e-04
  2.14110129e-03 1.55917380e-03 2.10213521e-03 2.14501889e-03
  2.14501889e-03 2.14501889e-03]
 [1.92596344e-03 1.42504824e-02 2.93196272e-02 5.86613342e-02
  8.24439004e-02 5.60086630e-02 1.09517246e-01 1.09517246e-01
  1.09517246e-01 1.09517246e-01 1.09517246e-01 1.09517246e-01
  1.02801956e-01 1.09517246e-01 1.09517246e-01 1.02802366e-01
  1.09517246e-01 1.09517246e-01]
 [2.43266020e-03 2.75171474e-02 3.97062395e-04 7.86435965e-04
  3.18298885e-03 7.25062415e-02 2.73421016e-02 2.73375642e-02
  2.93295924e-02 3.12347058e-02 3.12347058e-02 3.12347058e-02
  3.12347058e-02 2.93135252e-02 3.12347058e-02 3.12347058e-02
  3.12347058e-02 3.12347058e-02]
 [9.21480265e-03 1.13005228e-02 3.71992181e-04 3.13475379e-04
  1.45562785e-03 1.66763144e-04 6.42247542e-05 1.39969296e-03
  6.42300220e-05 4.89568229e-05 4.57497605e-04 8.80558728e-05
  1.29406428e-04 1.39268828e-04 1.95731380e-04 2.35829328e-04
  2.35829328e-04 2.35829328e-04]
 [1.41566526e-03 2.79733649e-04 1.51085388e-03 6.17838763e-02
  7.65467435e-03 6.16395101e-02 2.84296460e-04 5.09101376e-02
  2.24567344e-03 4.63617209e-04 1.21223209e-04 2.83869449e-05
  2.80862023e-05 5.21120564e-05 4.68579019e-05 7.09842498e-05
  7.46211008e-05 7.46211008e-05]]
epoch:	30	rewards:	[[8.9880694e-03 4.8582191e-03 9.6765999e-04 6.1161693e-02 6.4436816e-02
  5.3287023e-03 2.5398857e-03 7.4016239e-04 5.9394430e-02 1.2126878e-03
  2.1047934e-03 4.0944894e-03 6.3580177e-03 5.0704338e-04 1.4020453e-04
  2.4915815e-04 4.7041933e-05 1.2544871e-04]
 [6.4098282e-04 4.8891539e-03 1.7760255e-03 1.6980676e-02 2.3411052e-02
  1.6631441e-02 5.9287099e-04 6.1147884e-02 1.0877250e-02 2.0734448e-04
  2.7116993e-04 2.6321172e-04 3.0817365e-04 3.1358404e-03 4.0741669e-04
  2.5532118e-04 6.1885039e-05 1.5087367e-05]
 [1.5191220e-02 1.5047843e-02 1.5223345e-03 2.1107832e-04 1.5001784e-03
  5.6132884e-04 3.1561704e-04 3.2355197e-04 3.0077007e-04 3.9205895e-04
  3.9034852e-04 4.1504914e-04 4.1504914e-04 4.1504914e-04 4.1504914e-04
  4.1504914e-04 4.1504914e-04 4.1504914e-04]
 [1.0177643e-02 6.0062345e-02 8.2771555e-03 9.7762153e-04 7.3549623e-04
  4.5485809e-03 4.5429068e-03 4.5429068e-03 4.2708274e-03 4.5429068e-03
  4.5429068e-03 4.5429068e-03 4.5429068e-03 4.5429068e-03 4.5429068e-03
  4.3334374e-03 4.2675626e-03 4.5429068e-03]
 [5.1238704e-03 3.6129642e-02 1.7892594e-02 4.2797392e-03 1.2839393e-03
  1.7758259e-03 1.7862896e-03 1.5796487e-03 1.6885132e-03 1.4636925e-03
  1.5526457e-03 1.5526457e-03 1.5526457e-03 1.5526457e-03 1.5526457e-03
  1.5526457e-03 1.5526457e-03 1.5526457e-03]]
epoch:	35	rewards:	[[3.0135825e-02 3.2639893e-04 6.7907019e-04 7.8906404e-04 3.2130125e-04
  6.8619382e-04 1.8454650e-05 1.6027621e-05 9.7797029e-06 1.0930520e-05
  1.6333610e-05 1.5205057e-05 7.5910093e-06 3.7427772e-06 3.9227593e-06
  1.3092128e-05 1.1176705e-05 7.3019051e-05]
 [7.6514217e-03 1.5245192e-02 3.4222048e-04 1.8889080e-04 3.2360799e-04
  3.8620722e-04 3.0103946e-04 8.7169128e-06 2.8051377e-06 8.0058016e-06
  8.1283024e-06 7.0115021e-08 6.4709475e-08 7.3384761e-08 6.2767533e-08
  6.5356659e-08 6.0593969e-08 7.6490366e-08]
 [6.6930495e-02 3.6211906e-04 4.8611797e-05 3.0616095e-04 6.5325544e-04
  3.7640424e-05 4.1789146e-05 9.3247212e-04 1.7287846e-05 3.5806555e-05
  1.4851761e-05 1.5800641e-05 1.6779293e-05 1.6779293e-05 1.6779293e-05
  1.6779293e-05 1.6779293e-05 1.6779293e-05]
 [7.8648394e-03 1.5227364e-02 8.1319670e-04 8.7207893e-04 5.4531294e-04
  9.8370714e-04 1.6772053e-03 2.8500337e-05 2.2897773e-05 1.8295157e-05
  1.5871241e-05 2.0317475e-05 5.0367071e-06 7.9955234e-06 1.7893884e-05
  9.0398371e-06 8.8027873e-06 1.5814863e-05]
 [2.2762220e-02 7.5946101e-03 1.2350804e-04 2.6686938e-04 1.1388945e-05
  6.1929740e-02 1.2582929e-04 6.8744694e-06 9.0989117e-05 6.4386390e-05
  1.2563454e-04 6.4519772e-05 6.8710237e-05 5.0086412e-05 7.3532547e-06
  1.6394131e-05 8.1421058e-06 2.0290661e-06]]
epoch:	40	rewards:	[[6.66963635e-03 2.48558968e-02 4.35122085e-04 6.75687450e-04
  3.95796727e-04 2.29671685e-04 1.13827828e-03 1.30841706e-03
  1.84882211e-03 1.84882211e-03 1.84882211e-03 1.84882211e-03
  1.84882211e-03 1.74132164e-03 1.84882211e-03 1.84882211e-03
  1.84882211e-03 1.84882211e-03]
 [7.46676978e-03 6.15911745e-03 9.33761476e-05 1.17803784e-02
  4.17454913e-03 5.73496945e-05 5.87932045e-05 1.92412874e-03
  1.05796200e-04 1.68315496e-03 9.04442641e-05 9.04442641e-05
  9.04442641e-05 9.04442641e-05 9.04442641e-05 9.04442641e-05
  9.04442641e-05 9.04442641e-05]
 [1.21299922e-02 1.96664482e-02 1.93505315e-03 3.93889204e-04
  9.69677232e-04 1.37101393e-04 5.41086265e-05 3.26106383e-05
  1.16408964e-05 1.03880338e-05 2.05661909e-05 2.05661909e-05
  2.05661909e-05 1.93898395e-05 2.05661909e-05 2.05661909e-05
  2.05661909e-05 2.05661909e-05]
 [6.38236618e-03 1.18780155e-02 6.86618267e-04 5.99279301e-04
  3.72453767e-04 3.13068129e-04 2.99364384e-02 5.32753358e-04
  9.26615263e-04 2.26647840e-04 1.12560228e-04 2.33654773e-05
  3.28841743e-05 2.53407452e-05 3.49293914e-05 3.49293914e-05
  3.49293914e-05 3.49293914e-05]
 [7.10722897e-03 6.31839130e-03 4.71688472e-05 1.16156807e-04
  4.96385655e-05 5.15664520e-04 2.19532940e-05 4.80868985e-05
  6.17833401e-04 1.79563460e-04 5.82209177e-05 1.44969626e-05
  1.72421769e-05 2.05918095e-05 2.28446406e-05 1.83840493e-05
  1.11070240e-05 1.61008084e-05]]
epoch:	45	rewards:	[[6.38783630e-03 6.48982963e-03 4.74312197e-04 7.46335354e-05
  9.02896922e-04 9.04037734e-06 4.41573002e-06 4.22942685e-05
  4.50549960e-05 4.22576486e-05 4.50549960e-05 4.23758538e-05
  4.50549960e-05 4.50549960e-05 4.50549960e-05 4.50549960e-05
  4.50549960e-05 4.50549960e-05]
 [6.32983726e-03 1.90594122e-02 1.53910322e-03 3.27895032e-05
  6.94988121e-05 9.67748638e-05 1.13168508e-01 1.07620272e-03
  5.83811925e-05 1.12959340e-01 1.86401873e-03 6.04257472e-02
  1.71839674e-05 4.74186891e-06 5.85966632e-07 3.28900114e-07
  2.04265632e-07 1.19060253e-07]
 [6.56769425e-03 1.59940828e-04 5.64953312e-02 6.41688894e-05
  1.14161015e-01 5.65539971e-02 6.75196352e-05 5.64962663e-02
  6.38607016e-05 5.90064519e-05 1.02700767e-04 1.09124347e-04
  1.09124347e-04 1.09124347e-04 1.09124347e-04 1.09124347e-04
  9.60113030e-05 1.09124347e-04]
 [2.15046783e-03 6.56263391e-03 3.86306318e-04 1.68301893e-04
  5.66235201e-07 1.23667519e-07 1.27965779e-06 4.89879255e-07
  4.20411283e-07 9.00914472e-08 1.53537951e-06 4.21870300e-06
  4.21870300e-06 4.21870300e-06 4.21870300e-06 4.21870300e-06
  4.21870300e-06 4.21870300e-06]
 [4.83423028e-05 1.91184110e-03 8.15887543e-05 2.72820325e-04
  5.33128274e-04 7.77668993e-06 3.31830270e-05 6.77243497e-06
  5.46827732e-06 6.52709878e-06 6.05472513e-02 6.85146733e-05
  1.87951409e-05 1.88673803e-05 2.00450031e-05 2.00450031e-05
  2.00450031e-05 2.00450031e-05]]
epoch:	49	rewards:	[[7.30120955e-05 4.87998099e-04 8.99159256e-03 3.31953954e-04
  1.81849144e-04 4.93000902e-04 2.45855631e-06 3.05658577e-05
  1.10145462e-04 7.11099710e-05 8.18045592e-05 1.37901166e-04
  1.46964288e-04 1.46917489e-04 1.56346563e-04 1.56346563e-04
  1.56346563e-04 1.56346563e-04]
 [1.74248405e-02 1.73510201e-02 4.54929192e-04 9.33010160e-05
  4.50091147e-06 1.99567457e-05 7.30205829e-06 4.82351254e-07
  2.73466782e-07 8.33848731e-07 1.15340306e-07 1.76270717e-07
  4.36764069e-10 5.08427911e-10 5.36140854e-10 4.27785557e-10
  4.59792066e-10 5.06160502e-10]
 [3.46619375e-02 8.72463547e-03 2.94394522e-05 3.42500753e-05
  2.66445295e-05 1.15694468e-06 4.19048405e-07 3.24950065e-07
  3.33067874e-05 3.56786441e-05 1.94712300e-07 6.58432618e-05
  1.37896748e-07 7.30135298e-07 1.17570565e-07 1.50099993e-07
  1.66659618e-07 3.93345445e-08]
 [8.82724114e-03 2.13841296e-04 4.35045995e-02 8.67552385e-02
  8.67191330e-02 7.82322437e-02 1.38560742e-01 1.38560742e-01
  1.38560742e-01 1.38560742e-01 1.38560742e-01 1.38560742e-01
  1.38560742e-01 1.38560742e-01 1.38560742e-01 1.38560742e-01
  1.21257275e-01 1.38560742e-01]
 [3.27747111e-05 1.73349902e-02 3.06039874e-04 2.28272146e-03
  4.13721747e-04 2.01577990e-04 1.40974487e-04 1.03853585e-04
  1.08440523e-04 9.25484201e-05 1.08500419e-04 1.15622177e-04
  1.15622177e-04 1.15622177e-04 1.15622177e-04 1.15622177e-04
  1.15622177e-04 1.15622177e-04]]
