pre-training...
epoch:	0	nll:	1.3596503
epoch:	5	nll:	0.75191206
epoch:	10	nll:	0.47662795
epoch:	15	nll:	0.43954623
epoch:	20	nll:	0.42380786
epoch:	25	nll:	0.40750742
epoch:	30	nll:	0.39063644
epoch:	35	nll:	0.37475753
epoch:	40	nll:	0.36168137
epoch:	45	nll:	0.3502424
epoch:	50	nll:	0.3538934
epoch:	55	nll:	0.34052923
epoch:	60	nll:	0.3299516
epoch:	65	nll:	0.31981984
epoch:	70	nll:	0.3043215
epoch:	75	nll:	0.28694022
epoch:	80	nll:	0.27436402
epoch:	85	nll:	0.275819
epoch:	90	nll:	0.25927088
epoch:	95	nll:	0.24334507
epoch:	100	nll:	0.22669213
epoch:	105	nll:	0.21353255
epoch:	110	nll:	0.20290548
epoch:	115	nll:	0.19246385
adversarial training...
epoch:	0	rewards:	[[4.3286555e-03 4.8233801e-03 2.3974346e-02 7.0345807e-03 3.4952663e-02
  2.1536832e-04 3.9306231e-04 2.1534071e-03 8.1446208e-03 5.1802088e-04
  2.6372785e-05 2.3674631e-05 3.0884985e-05 3.1102791e-05 4.2236185e-05
  7.3616400e-05 7.3616400e-05 7.3616400e-05]
 [7.2761532e-04 1.6908912e-02 5.9398249e-02 4.0762921e-04 6.9775946e-05
  3.9329203e-05 7.8969548e-05 2.8751218e-05 1.7446117e-05 5.8002370e-05
  1.7351274e-05 3.0397869e-05 3.0397869e-05 3.0397869e-05 3.0397869e-05
  3.0397869e-05 3.0397869e-05 3.0397869e-05]
 [4.7544432e-03 1.6976263e-02 8.1614987e-04 3.3609737e-02 6.0962964e-02
  3.5178855e-02 1.4535958e-04 2.5417643e-05 5.7278266e-05 4.1581090e-05
  6.0950412e-04 1.8267860e-03 1.2076775e-03 6.5568899e-04 1.5006332e-05
  7.9468846e-05 2.0035697e-04 2.3448886e-06]
 [4.4076755e-03 3.8179243e-04 2.1393036e-03 5.3580495e-04 3.3659540e-04
  2.5387571e-04 2.2742875e-04 3.1065487e-04 9.4338087e-05 2.2864595e-04
  2.6880647e-04 7.5517799e-04 5.8546301e-04 1.7373312e-02 3.5024576e-03
  7.2337576e-04 1.4721288e-03 4.2068372e-03]
 [4.2930976e-02 2.1994908e-04 2.3527206e-03 1.7469541e-04 5.8848158e-02
  3.3492032e-02 2.9236593e-03 6.3091919e-02 1.1754699e-01 7.3977135e-05
  3.1166419e-05 3.4196481e-05 4.4799119e-04 4.4799119e-04 4.4799119e-04
  4.4799119e-04 4.4799119e-04 4.4799119e-04]]
epoch:	5	rewards:	[[1.50476377e-02 2.61821697e-04 6.70462847e-04 1.11817950e-04
  1.01991391e-04 5.51069315e-05 7.80112387e-05 1.59023984e-04
  9.70633933e-04 6.08813018e-04 7.52047199e-05 1.68218030e-04
  1.68218030e-04 1.68218030e-04 1.68218030e-04 1.68218030e-04
  1.68218030e-04 1.68218030e-04]
 [2.74555869e-02 1.43911438e-02 1.88629201e-03 1.44262025e-02
  1.11415680e-03 1.51963308e-02 2.00248687e-05 2.21849077e-05
  3.41629966e-05 6.34404714e-05 9.00660089e-05 4.62923758e-03
  2.23178486e-05 5.53308928e-05 3.51078997e-05 2.53612488e-05
  5.60053450e-05 4.25473030e-04]
 [1.36120021e-02 6.36708690e-04 9.14782519e-04 1.32836838e-04
  1.19989592e-04 3.12759163e-04 6.73404202e-06 1.32340701e-05
  4.22371886e-05 1.49299158e-05 1.25227889e-05 3.77739234e-05
  1.05862655e-05 7.66095400e-05 2.53872422e-05 8.29997407e-06
  6.84590395e-06 3.27383532e-06]
 [1.81277966e-04 1.56377107e-02 8.10907572e-04 4.59241383e-02
  1.44303571e-02 1.44707607e-02 3.10594078e-05 8.89638215e-02
  4.57896031e-02 3.03173228e-03 1.25733650e-05 4.51072447e-06
  1.11889722e-05 2.23214829e-06 3.40678844e-06 5.20086860e-06
  9.88269130e-06 2.19525646e-05]
 [1.48537522e-03 4.27415036e-02 2.58426578e-03 9.88455868e-05
  1.54593537e-04 2.98782579e-05 5.47299751e-05 7.41262455e-04
  6.40531129e-04 1.27791163e-05 1.12018324e-05 1.25920869e-05
  1.29544674e-06 2.33506125e-06 5.16217324e-06 3.93215760e-06
  4.71259500e-06 2.61396895e-06]]
epoch:	10	rewards:	[[4.3513527e-04 4.1713148e-02 9.6031930e-03 3.0381500e-03 3.3368375e-02
  9.1469300e-04 2.4680046e-03 3.8339564e-04 1.8291331e-04 5.7482795e-04
  7.9737144e-04 7.9737144e-04 7.9737144e-04 7.9737144e-04 7.9737144e-04
  7.9737144e-04 7.7293644e-04 7.9737144e-04]
 [2.5186131e-03 1.3388684e-03 7.7253347e-04 4.6800976e-03 3.3484146e-03
  1.8139170e-03 4.4814553e-03 4.3753887e-04 5.5542506e-02 3.9182971e-03
  1.1847494e-03 1.1847494e-03 1.1847494e-03 1.1847494e-03 1.1847494e-03
  1.1847494e-03 1.1847494e-03 1.1847494e-03]
 [4.0102836e-02 2.1047307e-02 2.1777269e-01 3.1669873e-01 3.0234045e-01
  2.9949519e-01 3.1669873e-01 3.1669873e-01 3.1669873e-01 3.1669873e-01
  3.1669873e-01 3.1669873e-01 3.1669873e-01 3.1669873e-01 3.1669873e-01
  3.1669873e-01 3.1669873e-01 3.1669873e-01]
 [3.8902794e-03 1.0497342e-03 2.5732216e-01 3.0006957e-01 3.1669873e-01
  3.1669873e-01 3.1669873e-01 3.1669873e-01 3.1669873e-01 3.1669873e-01
  3.1669873e-01 3.1669873e-01 3.1669873e-01 3.1669873e-01 3.1669873e-01
  3.1669873e-01 3.1669873e-01 3.1669873e-01]
 [1.0333392e-03 8.4416449e-02 3.1781673e-02 1.3432649e-03 3.4136228e-02
  1.5545974e-02 8.6430053e-04 3.7620100e-04 4.6876239e-04 3.6237450e-04
  3.3046084e-04 7.2255876e-05 1.5989186e-04 7.3271069e-05 7.0448914e-05
  7.1807852e-05 5.9275782e-05 2.3389935e-05]]
epoch:	15	rewards:	[[3.0856788e-02 4.2171820e-04 4.7251859e-04 4.2362403e-02 2.7130137e-04
  5.9993617e-02 1.8490902e-03 1.8407348e-04 1.6323305e-04 6.3214509e-04
  1.6239678e-04 1.5602729e-04 1.6239678e-04 1.6239678e-04 1.6239678e-04
  1.6239678e-04 1.6239678e-04 1.6239678e-04]
 [4.0618840e-04 2.0954674e-04 3.7589816e-05 3.0508425e-02 3.0679803e-04
  3.0060142e-02 8.0334976e-05 3.9344659e-04 5.2445448e-05 1.1147573e-03
  1.6239678e-04 1.6239678e-04 1.6239678e-04 1.5758464e-04 1.6239678e-04
  1.6239678e-04 1.6239678e-04 1.6239678e-04]
 [1.4753151e-02 7.8981638e-02 6.6863035e-04 4.2225474e-05 1.9739925e-04
  2.4125914e-04 2.7138145e-05 6.6278197e-05 1.9424886e-04 4.2332103e-05
  6.0630715e-05 1.1337172e-05 3.7862297e-05 3.6930498e-05 1.7439570e-05
  1.2968907e-05 1.8783285e-05 1.4291306e-05]
 [1.4175840e-02 5.3056874e-03 1.2167803e-03 9.8464894e-04 2.4425398e-04
  2.5434385e-04 5.3612143e-04 1.1955827e-04 2.9186203e-04 1.8102059e-04
  8.6082713e-05 1.4728753e-04 6.6620545e-05 3.4995279e-05 1.3702641e-04
  2.2764118e-04 4.3924443e-05 9.7431821e-06]
 [8.1708366e-03 8.0501325e-03 2.7809830e-03 1.8409740e-04 2.5337964e-04
  3.0073330e-02 8.1409642e-05 4.9363901e-03 4.9363901e-03 4.9363901e-03
  4.9363901e-03 4.9363901e-03 4.9363901e-03 4.9363901e-03 4.9363901e-03
  4.9363901e-03 4.9363901e-03 4.9363901e-03]]
epoch:	20	rewards:	[[2.7521960e-02 3.6939546e-02 1.4865681e-03 6.0203678e-05 3.6333202e-04
  1.0311886e-03 5.1709510e-02 1.8973755e-05 9.9485934e-02 2.2822480e-05
  2.1057425e-05 5.4946813e-05 5.1437524e-05 1.3826144e-05 2.3869878e-05
  1.8079178e-05 3.0629661e-05 5.1244799e-05]
 [1.6571727e-02 1.3544834e-02 9.8693348e-04 1.3488097e-04 5.0870240e-05
  3.7685147e-04 5.2702300e-05 4.3851754e-04 5.9211259e-05 2.2528831e-05
  1.8357807e-05 3.7374957e-05 1.2358362e-04 8.5768006e-05 2.0161155e-03
  2.3281465e-04 2.1433659e-04 3.5913460e-04]
 [3.1336368e-04 2.6797082e-02 3.0568684e-04 1.6303262e-02 2.3667682e-02
  2.2358522e-02 2.3667682e-02 2.3667682e-02 2.3667682e-02 2.3667682e-02
  2.3667682e-02 2.3667682e-02 2.2341311e-02 2.3667682e-02 2.3667682e-02
  2.3667682e-02 2.3667682e-02 2.3667682e-02]
 [1.1551325e-02 1.0570892e-03 1.4277013e-03 3.1444000e-04 7.4959634e-04
  2.0508720e-04 9.2562266e-05 9.2860115e-05 2.7475235e-05 2.3017982e-04
  4.3017569e-04 2.2531103e-02 3.3864129e-02 1.7724706e-01 1.7724706e-01
  1.7724706e-01 1.6961466e-01 1.7724706e-01]
 [1.4295046e-03 3.6334092e-04 1.2443267e-03 1.4174626e-04 2.4372345e-04
  1.2232498e-03 1.1322141e-03 2.1046739e-05 2.4852920e-05 1.8487169e-04
  6.9817288e-05 7.4974341e-05 9.1182774e-05 9.1182774e-05 9.1182774e-05
  9.1182774e-05 9.1182774e-05 9.1182774e-05]]
epoch:	25	rewards:	[[5.15437801e-04 2.91404389e-02 1.31467101e-03 1.59419340e-03
  1.18575152e-03 1.01874641e-03 6.80993544e-03 1.20749371e-03
  1.28096459e-03 2.13267398e-04 2.96549581e-04 4.37047507e-04
  8.29895725e-05 8.36424297e-05 8.36424297e-05 8.36424297e-05
  8.07205215e-05 8.36424297e-05]
 [5.13761379e-02 1.53475078e-02 8.70254880e-05 2.16344651e-03
  5.38400523e-02 3.76197929e-03 1.39757036e-03 2.76168925e-03
  1.08469554e-04 1.20584802e-04 1.56357724e-04 4.81629759e-05
  5.93383520e-05 1.60611075e-04 2.40614667e-04 1.27905951e-04
  5.11005637e-05 6.58886929e-05]
 [3.18727875e-03 1.73012275e-04 2.16424675e-03 1.85023062e-04
  2.04486583e-04 4.67902282e-05 9.44706517e-06 2.86562663e-05
  4.72824831e-05 3.18688527e-02 1.59885231e-02 1.59773491e-02
  4.77632992e-02 4.51860215e-05 2.49040622e-05 9.43176383e-06
  9.94395850e-06 9.94395850e-06]
 [1.71200908e-03 2.95842309e-02 2.93158717e-03 3.61227877e-02
  4.92966771e-02 3.14292411e-04 4.41803713e-04 1.57112212e-04
  1.31666966e-04 1.67949416e-04 3.50761041e-03 5.32430859e-05
  7.73215743e-06 1.99449387e-05 1.22880610e-05 2.87514194e-06
  3.89431852e-06 3.89431852e-06]
 [1.90434908e-03 3.05573214e-02 2.22099316e-03 5.47187030e-02
  8.45629314e-04 1.05211475e-04 5.63052632e-02 9.03212422e-05
  1.85988785e-04 1.13110640e-03 3.78327895e-05 4.96547800e-05
  7.75166482e-05 7.54066132e-05 7.54066132e-05 7.54066132e-05
  7.54066132e-05 7.54066132e-05]]
epoch:	30	rewards:	[[1.45337908e-02 3.37389065e-03 2.86427350e-03 1.74405274e-03
  1.05930062e-03 1.12211844e-03 2.31478218e-04 1.82863150e-04
  1.21060305e-03 5.06717060e-03 4.48868232e-04 4.48868232e-04
  4.48868232e-04 4.48868232e-04 4.48868232e-04 4.48868232e-04
  4.48868232e-04 4.48868232e-04]
 [1.90937379e-03 1.88393856e-03 1.99793768e-03 4.64538783e-02
  1.88166159e-04 6.21745661e-02 1.08790140e-04 4.55431780e-03
  3.75909527e-04 3.18489292e-05 5.24765998e-03 5.52196428e-03
  1.03152003e-02 1.03190374e-02 5.16550150e-03 4.48332212e-05
  2.57130654e-04 7.96067525e-06]
 [1.50873875e-02 1.48148285e-02 1.06251624e-03 1.12549844e-03
  5.45059070e-02 4.68294322e-02 7.35269859e-05 5.45169711e-02
  5.66961840e-02 4.32063453e-03 1.03206153e-03 5.20076755e-05
  1.38967909e-04 1.33968613e-04 2.93568679e-04 3.77264689e-04
  3.33855889e-04 3.33855889e-04]
 [5.90026088e-04 8.35632235e-02 2.21715355e-03 3.21338349e-03
  8.21396534e-05 2.65783933e-03 1.05038541e-03 7.28518935e-05
  9.30946990e-05 2.86875817e-04 1.58420589e-04 6.17574295e-03
  6.50392030e-04 8.70391523e-05 2.89594522e-04 1.01315403e-04
  9.81515332e-05 9.37575078e-06]
 [1.60787124e-02 1.52667169e-04 6.23587072e-02 7.39808194e-04
  3.54570220e-04 3.73916031e-04 1.50953024e-03 2.19761117e-04
  4.58777176e-05 3.85304884e-05 5.04236741e-05 3.19690480e-05
  1.30943372e-05 6.49703215e-05 6.56842312e-05 4.35911134e-05
  9.72973248e-06 2.47629669e-05]]
epoch:	35	rewards:	[[1.0133965e-02 1.9936890e-05 6.9778302e-04 1.2637523e-03 5.3236749e-02
  4.8937954e-02 1.2726783e-03 1.0586921e-01 5.1952299e-02 1.5947773e-03
  4.3668580e-04 6.7385213e-07 8.2082926e-07 3.4839784e-06 1.2970439e-06
  1.2628916e-06 1.5390726e-06 3.1839375e-06]
 [2.0081908e-02 8.5323426e-04 6.1502889e-02 9.4471732e-04 4.8389796e-02
  7.1168435e-04 3.0979183e-05 2.6084657e-05 3.5942954e-05 5.1184827e-07
  2.2979573e-06 2.4733672e-05 2.7757771e-05 2.7757771e-05 2.7757771e-05
  2.7757771e-05 2.7757771e-05 2.7757771e-05]
 [1.0521394e-02 4.1939376e-05 1.0755768e-03 1.4392082e-03 9.8808023e-06
  2.3874052e-05 2.7003104e-04 1.8181874e-05 1.7518487e-05 5.6163579e-05
  2.5879071e-06 9.1834081e-06 9.4266416e-06 9.4266416e-06 9.4266416e-06
  9.4266416e-06 9.4266416e-06 9.4266416e-06]
 [3.0079883e-02 1.0990670e-02 1.1137158e-03 2.2264684e-02 1.2886292e-02
  2.1726215e-04 3.8431122e-04 1.5901697e-04 1.6522197e-06 2.0865393e-07
  1.2393392e-06 9.3083216e-08 4.8702242e-07 6.5296277e-08 6.8789006e-08
  6.8789006e-08 6.8789006e-08 6.8789006e-08]
 [2.1265871e-06 1.1533419e-02 7.2090206e-04 7.2420400e-04 4.8417442e-02
  7.5353069e-05 3.3081726e-06 7.6315308e-05 1.3535640e-05 6.6509365e-06
  5.5214941e-06 5.5214941e-06 5.5214941e-06 5.5214941e-06 5.5214941e-06
  5.5214941e-06 5.5214941e-06 5.5214941e-06]]
epoch:	40	rewards:	[[2.2029763e-02 6.9586001e-02 1.0639723e-02 4.3426437e-04 1.8745280e-04
  4.3267542e-06 2.1217215e-04 2.8298990e-04 5.8386149e-04 2.1205135e-06
  1.1032656e-05 1.8925891e-06 5.2791142e-06 4.7544986e-06 6.7651226e-06
  2.6605539e-07 2.7677427e-07 2.7677427e-07]
 [1.8335707e-03 4.9409892e-02 1.0173476e-04 1.4821488e-03 2.1080462e-04
  2.9497216e-03 3.2923734e-04 1.8782857e-04 1.7629941e-04 2.9525994e-03
  2.8478581e-04 2.8478581e-04 2.8478581e-04 2.8478581e-04 2.8478581e-04
  2.8478581e-04 2.8478581e-04 2.8478581e-04]
 [6.2887646e-02 2.0909816e-02 7.2322576e-04 6.3894101e-04 4.9609166e-02
  1.1029716e-03 4.1644955e-05 4.1879262e-03 2.3076464e-05 7.0070487e-06
  1.9145955e-06 2.3565897e-06 5.0614226e-06 7.0031101e-06 5.6505560e-06
  2.1857585e-04 6.3308957e-04 2.0166259e-05]
 [2.2071751e-02 2.2178479e-02 1.0229748e-03 1.3723620e-03 4.0174063e-04
  2.7164640e-02 5.5577618e-04 6.2298248e-05 3.2424468e-05 1.3333187e-03
  9.0407093e-06 3.5136003e-05 1.6094615e-05 7.1906329e-06 3.1089187e-06
  3.1089187e-06 3.1089187e-06 3.1089187e-06]
 [1.1659816e-02 2.1385983e-02 2.0713940e-04 5.3881738e-02 6.5645657e-02
  6.9572881e-05 1.2489151e-04 3.4867539e-03 3.2537751e-05 1.1918481e-04
  4.5020090e-04 1.7634251e-04 5.3318501e-05 2.9987590e-05 1.2601504e-05
  1.2601504e-05 1.2601504e-05 1.2601504e-05]]
epoch:	45	rewards:	[[1.9418390e-02 1.2917829e-05 7.9837700e-05 4.0886011e-06 2.1753165e-06
  2.5016917e-03 3.1756575e-04 6.7154679e-06 1.5031978e-07 1.6336513e-07
  1.2266138e-07 4.7085813e-08 2.9658011e-08 1.3026664e-08 3.5634365e-08
  5.4993174e-09 9.3685735e-09 7.7587377e-09]
 [2.8976791e-02 9.9313278e-03 2.1913766e-04 6.7609239e-05 3.4662975e-05
  6.7404173e-05 4.0157590e-04 3.4918963e-07 1.1753525e-06 7.4715780e-07
  1.1686420e-06 4.2812582e-07 1.8261431e-07 5.4659726e-08 9.7445557e-08
  1.1484921e-07 9.3250584e-08 1.1273385e-08]
 [9.6796332e-03 1.0826019e-02 5.2401039e-04 3.8421812e-04 8.2426441e-06
  8.0664137e-07 4.0487265e-07 1.5431907e-07 3.8947551e-06 3.3676423e-07
  6.6147656e-08 4.6845150e-07 9.0210648e-08 7.7235441e-08 2.5777732e-07
  2.6274475e-07 4.5865795e-07 1.8869629e-07]
 [9.6594626e-03 7.2036951e-04 7.2789364e-05 1.6097464e-04 1.9006749e-05
  2.4105525e-06 4.6119683e-05 1.7515938e-06 8.6682776e-06 5.7565470e-05
  6.4606997e-05 6.4606997e-05 6.4606997e-05 6.4606997e-05 6.4606997e-05
  6.4606997e-05 6.4606997e-05 6.4606997e-05]
 [7.7042576e-05 1.0041399e-02 3.5262419e-05 6.3810451e-04 1.2500444e-05
  2.5078244e-04 8.8973815e-07 2.6796281e-06 2.4276865e-06 4.4055046e-06
  4.0807654e-06 3.8790904e-06 3.8790904e-06 3.8790904e-06 3.8790904e-06
  3.6685706e-06 3.8790904e-06 3.8790904e-06]]
epoch:	49	rewards:	[[1.05112987e-02 7.77615758e-04 1.23562189e-04 2.13008563e-04
  3.72826048e-06 1.66897098e-05 6.28825455e-06 6.07804395e-05
  5.54274902e-06 5.25466066e-06 3.48009007e-06 2.46436230e-06
  1.20940581e-06 1.34032757e-06 1.34032757e-06 1.34032757e-06
  1.34032757e-06 1.34032757e-06]
 [2.16349552e-04 1.20735411e-02 2.15354274e-04 2.38108114e-05
  4.39240597e-02 4.89299446e-02 4.36095744e-02 9.45758657e-05
  1.08823035e-04 6.36084542e-06 4.64750454e-02 4.15644172e-06
  4.64910939e-02 9.36008245e-02 4.65297736e-02 1.14907394e-04
  9.42367837e-02 3.54294636e-04]
 [1.34201616e-03 1.13267684e-02 2.76501320e-04 4.57518585e-02
  6.42076600e-04 3.69122245e-05 1.16364045e-05 3.77409015e-04
  5.33328857e-05 3.46700370e-04 2.77771233e-05 8.93178367e-06
  2.38562097e-06 1.01724090e-05 7.58985243e-06 8.78293031e-06
  8.78293031e-06 8.78293031e-06]
 [5.93428267e-03 1.10634032e-03 1.23426304e-04 1.69329450e-03
  5.32062491e-04 3.23653730e-05 1.40197826e-05 4.24852857e-04
  5.46695082e-05 3.51834497e-05 9.02129796e-06 5.15560987e-06
  5.34371338e-06 3.48050298e-06 5.32727381e-06 1.22570727e-05
  5.50795903e-06 1.27548867e-06]
 [1.34717498e-03 5.72655443e-03 1.46333292e-01 1.67237192e-01
  1.67237192e-01 1.67237192e-01 1.67237192e-01 1.67237192e-01
  1.67237192e-01 1.67237192e-01 1.67237192e-01 1.67237192e-01
  1.67237192e-01 1.67237192e-01 1.67237192e-01 1.67237192e-01
  1.67237192e-01 1.67237192e-01]]
