pre-training...
epoch:	0	nll:	1.4494791
epoch:	5	nll:	0.4727754
epoch:	10	nll:	0.34678704
epoch:	15	nll:	0.29523274
epoch:	20	nll:	0.27006263
epoch:	25	nll:	0.25263703
epoch:	30	nll:	0.24132052
epoch:	35	nll:	0.23224472
epoch:	40	nll:	0.22418258
epoch:	45	nll:	0.21586023
epoch:	50	nll:	0.20658815
epoch:	55	nll:	0.20358941
epoch:	60	nll:	0.18520004
epoch:	65	nll:	0.17111716
epoch:	70	nll:	0.15880513
epoch:	75	nll:	0.15056857
epoch:	80	nll:	0.15903465
epoch:	85	nll:	0.14650112
epoch:	90	nll:	0.14038366
epoch:	95	nll:	0.15133435
epoch:	100	nll:	0.14385542
epoch:	105	nll:	0.13346514
epoch:	110	nll:	0.12779988
epoch:	115	nll:	0.12993483
adversarial training...
epoch:	0	rewards:	[[4.5208879e-02 1.2875929e-01 2.6356025e-02 2.6375053e-02 1.0709434e-02
  1.1324188e-02 8.4408270e-03 3.8068439e-03 8.3061209e-04 7.2743478e-03
  1.2820233e-02 1.2820233e-02 1.2820233e-02 1.2820233e-02 1.2820233e-02
  1.2820233e-02 1.2820233e-02 1.2820233e-02]
 [2.9058116e-02 3.2325782e-02 5.0234839e-02 1.3736252e-01 1.5063025e-01
  6.3448157e-03 4.6817549e-03 1.1305238e-02 1.0659948e-02 1.1305238e-02
  1.1305238e-02 1.1305238e-02 1.1305238e-02 1.1305238e-02 1.1305238e-02
  1.1305238e-02 1.1305238e-02 1.1305238e-02]
 [9.1781080e-02 8.5523307e-02 5.7292633e-02 7.2693102e-02 1.0093034e-01
  1.0347998e-01 7.5351134e-02 9.6987568e-02 1.4487247e-01 1.5445255e-01
  1.5445255e-01 1.5445255e-01 1.5445255e-01 1.5445255e-01 1.5445255e-01
  1.5445255e-01 1.5445255e-01 1.5445255e-01]
 [1.0624955e-01 4.7051977e-02 5.2210726e-02 7.5400181e-02 2.4549591e-03
  2.3366711e-03 2.0107871e-03 2.6434558e-03 3.5663607e-04 2.0115337e-04
  1.4795727e-04 1.4991025e-04 2.7062638e-06 8.5813895e-07 1.3081304e-06
  1.3081304e-06 1.3081304e-06 1.3081304e-06]
 [9.0311497e-02 6.2905468e-02 6.9298014e-02 1.8085653e-01 9.8324940e-02
  8.0535419e-02 1.3225043e-01 3.3619430e-02 3.3619430e-02 3.3619430e-02
  3.3619430e-02 3.3619430e-02 3.1557262e-02 3.3619430e-02 3.3619430e-02
  3.3619430e-02 3.3619430e-02 3.3619430e-02]]
epoch:	5	rewards:	[[1.6462686e-03 9.7045280e-02 5.1671270e-02 3.3382731e-03 2.3732497e-01
  3.3390450e-01 3.3382583e-01 3.4192052e-01 3.8146424e-01 2.4543664e-01
  4.3874785e-01 4.2772654e-01 1.3530974e-03 1.0461446e-03 1.5082159e-03
  1.5082159e-03 1.5082159e-03 1.5082159e-03]
 [3.1326279e-02 1.7880091e-02 9.7429911e-03 7.8366652e-02 4.0204201e-02
  1.6095754e-02 1.7200926e-02 2.5351336e-02 2.8401084e-02 2.8401084e-02
  2.8401084e-02 2.8401084e-02 2.8401084e-02 2.8401084e-02 2.8401084e-02
  2.8401084e-02 2.8401084e-02 2.8401084e-02]
 [1.9301344e-02 1.9085512e-02 3.3539161e-02 1.5893038e-02 1.6674258e-02
  3.8703509e-02 1.9816117e-02 6.4342074e-02 2.8401084e-02 2.8401084e-02
  2.8401084e-02 2.8401084e-02 2.8401084e-02 2.8401084e-02 2.8401084e-02
  2.8401084e-02 2.8401084e-02 2.8401084e-02]
 [1.9714680e-02 1.8245980e-02 2.3073222e-02 3.2365821e-02 1.8868936e-03
  4.9759969e-03 3.7169529e-03 3.7169529e-03 3.7169529e-03 3.7169529e-03
  3.7169529e-03 3.7169529e-03 3.7169529e-03 3.7169529e-03 3.5135034e-03
  3.7169529e-03 3.7169529e-03 3.7169529e-03]
 [1.4174632e-02 8.3389077e-03 3.5544084e-03 4.0175096e-04 9.0822682e-04
  6.3527341e-04 3.2464515e-03 4.2644595e-03 2.3524837e-04 3.2715331e-04
  2.5273021e-04 2.5273021e-04 2.5273021e-04 2.5273021e-04 2.5273021e-04
  2.5273021e-04 2.5273021e-04 2.5273021e-04]]
epoch:	10	rewards:	[[1.0378772e-01 1.0461084e-01 1.0247781e-01 2.4912332e-03 6.2769674e-02
  6.1446568e-03 2.8718812e-03 9.7193159e-03 4.0802136e-02 6.5095522e-02
  1.7949998e-02 3.1383485e-03 4.2464631e-03 4.2464631e-03 4.2464631e-03
  4.2464631e-03 4.2464631e-03 4.2464631e-03]
 [4.5634504e-02 3.0641835e-02 3.3424515e-02 7.8352533e-02 3.4304988e-02
  1.0312345e-01 5.8348093e-02 4.8199682e-03 6.4657773e-03 6.4657773e-03
  6.4657773e-03 6.4657773e-03 6.4657773e-03 6.4657773e-03 6.1011063e-03
  6.4657773e-03 6.4657773e-03 6.4657773e-03]
 [8.6309522e-02 4.8431184e-02 4.5002095e-02 2.9611226e-02 1.6431129e-02
  2.4567576e-02 1.8184675e-02 1.1808956e-02 2.3526046e-02 2.2292335e-02
  2.8523335e-02 2.0726332e-02 5.1328782e-02 5.1328782e-02 5.1328782e-02
  5.1328782e-02 5.1328782e-02 5.1328782e-02]
 [1.9898308e-02 4.9269021e-02 5.9730243e-02 1.1087948e-01 8.7360516e-02
  5.4346997e-02 1.7928156e-01 4.8897866e-02 7.6357149e-02 2.7318618e-01
  2.0581146e-01 2.7315429e-01 7.9789484e-01 8.4782243e-01 8.4782243e-01
  8.4782243e-01 8.4782243e-01 8.4782243e-01]
 [1.3352586e-02 2.3754584e-02 3.7810706e-02 4.4604141e-02 4.3469403e-02
  2.1719360e-01 6.3735843e-02 6.1119922e-02 1.7438239e-03 2.9016132e-03
  6.2935695e-04 6.2935695e-04 6.2935695e-04 6.2935695e-04 6.2935695e-04
  6.2935695e-04 6.2935695e-04 6.2935695e-04]]
epoch:	15	rewards:	[[1.17252745e-01 5.90522215e-02 5.98471016e-02 1.18100993e-01
  8.55523255e-03 2.21144129e-03 3.67723266e-03 1.55217887e-03
  4.37445939e-04 4.41349286e-04 3.32156604e-04 4.13096481e-04
  3.90082569e-04 3.37559381e-04 5.30457182e-04 5.30457182e-04
  5.30457182e-04 5.30457182e-04]
 [5.15320897e-02 4.73885275e-02 4.61184382e-02 9.15684700e-02
  4.91325520e-02 7.92556405e-02 4.84689046e-03 4.84689046e-03
  4.84689046e-03 4.58941841e-03 4.84689046e-03 4.84689046e-03
  4.84689046e-03 4.84689046e-03 4.84689046e-03 4.84689046e-03
  4.84689046e-03 4.84689046e-03]
 [7.89466966e-03 2.55713542e-03 3.83166643e-03 9.35834926e-03
  1.55109051e-03 8.52793397e-04 8.48080788e-04 8.48517870e-04
  7.93388153e-06 6.21849176e-06 6.17947444e-06 5.68750750e-07
  7.05859065e-07 7.72741487e-07 7.72741487e-07 7.72741487e-07
  7.72741487e-07 7.72741487e-07]
 [6.14981465e-02 6.27984256e-02 3.47377523e-03 2.66793463e-03
  3.81425279e-03 4.54805139e-03 4.11120337e-03 2.29351898e-03
  2.20437907e-03 7.29474649e-02 2.89940238e-02 1.95191614e-03
  7.99407717e-04 5.01646718e-05 3.62466767e-06 3.62466767e-06
  3.62466767e-06 3.62466767e-06]
 [1.82372285e-03 1.73043191e-01 6.74712611e-03 5.98635338e-02
  2.18842062e-03 2.97474186e-03 1.04164321e-03 1.14627732e-02
  2.17581959e-03 6.31916672e-02 2.38156295e-03 6.46049483e-03
  9.73977789e-04 6.59581914e-04 2.66403565e-03 6.22198777e-03
  6.22198777e-03 6.22198777e-03]]
epoch:	20	rewards:	[[9.40649584e-02 1.46372169e-01 4.36730310e-02 3.72721739e-02
  5.39701246e-03 1.03975430e-01 8.02159216e-03 8.02159216e-03
  8.02159216e-03 8.02159216e-03 8.02159216e-03 8.02159216e-03
  8.02159216e-03 8.02159216e-03 8.02159216e-03 8.02159216e-03
  8.02159216e-03 8.02159216e-03]
 [7.21094024e-04 7.28103681e-04 5.41860685e-02 1.39134958e-01
  1.33754034e-03 6.09147437e-02 6.92212284e-02 8.85175308e-04
  1.21082901e-03 1.37445447e-03 8.43364629e-04 6.04603142e-02
  6.79440200e-02 5.96032618e-03 4.86540725e-04 4.86540725e-04
  4.86540725e-04 4.86540725e-04]
 [2.07381975e-03 3.43364999e-02 6.11257926e-03 2.71407180e-02
  2.35154736e-03 6.16807044e-02 5.30923251e-03 3.19471816e-03
  2.10709404e-03 1.00857142e-04 6.45386681e-05 2.12416853e-04
  1.03697064e-04 1.03697064e-04 1.03697064e-04 1.03697064e-04
  1.03697064e-04 1.03697064e-04]
 [7.15923756e-02 3.41485441e-02 1.37575448e-01 3.22849490e-02
  4.05980311e-02 8.70187283e-02 5.52330837e-02 6.71147136e-03
  8.72363057e-03 8.72363057e-03 8.72363057e-03 8.72363057e-03
  8.72363057e-03 8.72363057e-03 8.72363057e-03 8.72363057e-03
  8.72363057e-03 8.72363057e-03]
 [3.36846933e-02 3.44374254e-02 7.30805397e-02 7.39785135e-02
  4.02570255e-02 4.04741243e-03 1.26367121e-03 4.19886969e-03
  4.46764007e-03 4.46764007e-03 4.22977749e-03 4.46764007e-03
  4.46764007e-03 4.19744384e-03 4.46764007e-03 4.46764007e-03
  4.46764007e-03 4.46764007e-03]]
epoch:	25	rewards:	[[5.05742021e-02 2.44141966e-02 1.37131020e-01 1.10254586e-01
  1.57411993e-01 9.81541574e-02 4.60006557e-02 1.09527752e-01
  1.02659233e-01 1.02659233e-01 9.63158756e-02 1.02659233e-01
  1.02659233e-01 1.02659233e-01 1.02659233e-01 1.02659233e-01
  1.02659233e-01 1.02659233e-01]
 [7.89965913e-02 6.97299391e-02 2.43881270e-02 4.22441773e-02
  4.81943740e-03 5.97716402e-03 5.93653880e-04 5.93653880e-04
  5.93653880e-04 5.93653880e-04 5.93653880e-04 5.93653880e-04
  5.93653880e-04 5.93653880e-04 5.93653880e-04 5.59538894e-04
  5.93653880e-04 5.93653880e-04]
 [1.63378030e-01 1.10903509e-01 8.62509310e-02 9.90055948e-02
  8.62795860e-02 5.89904301e-02 5.20603918e-02 6.68596253e-02
  2.98284879e-03 4.17333432e-02 8.52992013e-02 1.56881139e-01
  6.22736812e-01 6.22736812e-01 6.22736812e-01 6.22736812e-01
  6.22736812e-01 6.22736812e-01]
 [1.18946262e-01 7.54065290e-02 7.23735020e-02 2.19310690e-02
  4.65551615e-02 5.39518967e-02 7.77621418e-02 1.01943854e-02
  1.01943854e-02 1.01943854e-02 1.01943854e-02 1.01943854e-02
  1.01943854e-02 1.01943854e-02 1.01943854e-02 1.01943854e-02
  1.01943854e-02 1.01943854e-02]
 [8.75788927e-02 2.61802860e-02 1.48970902e-03 6.14660792e-03
  4.19034157e-03 5.99590887e-04 1.14992177e-02 2.49228589e-02
  3.30106937e-04 2.08170139e-04 2.08170139e-04 2.08170139e-04
  2.08170139e-04 2.08170139e-04 2.08170139e-04 2.08170139e-04
  2.08170139e-04 2.08170139e-04]]
epoch:	30	rewards:	[[1.4496499e-01 4.7675371e-02 1.9160870e-03 2.2769759e-03 9.5572937e-03
  1.0379688e-02 2.3434213e-03 1.6714592e-03 5.7382663e-03 5.7382663e-03
  5.7382663e-03 5.7382663e-03 5.7382663e-03 5.7382663e-03 5.7382663e-03
  5.7382663e-03 5.7382663e-03 5.7382663e-03]
 [5.1408939e-02 2.6816053e-02 4.9361289e-02 2.4589941e-02 9.8986223e-02
  3.3558760e-02 5.3931583e-02 4.4328701e-02 2.6784339e-03 1.6611249e-03
  6.3233842e-05 6.3233842e-05 6.3233842e-05 6.3233842e-05 6.3233842e-05
  6.3233842e-05 6.3233842e-05 6.3233842e-05]
 [2.1300364e-02 3.2928903e-02 4.4071674e-02 2.6448006e-02 9.0687506e-02
  7.5247824e-02 8.3986416e-02 5.6135464e-02 6.5353096e-02 6.9676578e-02
  6.9676578e-02 6.9676578e-02 6.9676578e-02 6.9676578e-02 6.9676578e-02
  6.9676578e-02 6.9676578e-02 6.9676578e-02]
 [3.7924860e-02 7.2507448e-02 2.9423784e-02 3.3365786e-02 8.3487540e-02
  4.2953305e-02 2.8380273e-02 8.9815613e-03 2.9027394e-03 3.0927216e-03
  3.0927216e-03 3.0927216e-03 3.0927216e-03 3.0927216e-03 3.0927216e-03
  3.0927216e-03 3.0927216e-03 3.0927216e-03]
 [4.0003851e-02 3.9712079e-03 1.8120253e-01 7.3222995e-02 2.1350405e-03
  2.2382797e-03 2.0398335e-03 4.7816695e-03 2.3713985e-03 2.2031793e-03
  2.2031793e-03 2.2031793e-03 2.2031793e-03 2.2031793e-03 2.2031793e-03
  2.2031793e-03 2.2031793e-03 2.2031793e-03]]
epoch:	35	rewards:	[[2.75643151e-02 4.10924330e-02 4.02388424e-02 2.79502254e-02
  3.60137001e-02 8.50004703e-02 6.71353191e-02 5.99907339e-02
  8.03811883e-04 9.57546348e-04 6.81304780e-04 1.30350003e-03
  6.36251571e-05 1.96256296e-04 6.38738973e-04 1.09864830e-03
  7.45997124e-04 1.29148626e-04]
 [4.74836007e-02 1.07414871e-01 7.02740848e-02 7.42164105e-02
  9.12696123e-02 1.10335395e-01 6.14534803e-02 4.80404682e-02
  9.99374166e-02 1.06596105e-01 1.06596105e-01 1.06596105e-01
  1.06596105e-01 1.06596105e-01 1.06596105e-01 1.06596105e-01
  1.06596105e-01 1.06596105e-01]
 [8.84238631e-02 7.34039918e-02 1.03230014e-01 1.97099000e-02
  2.79820040e-02 6.22350574e-02 5.47113717e-02 7.35250041e-02
  1.06596105e-01 1.06596105e-01 1.06596105e-01 1.06596105e-01
  1.06596105e-01 1.06596105e-01 1.06596105e-01 9.99366716e-02
  1.06596105e-01 1.06596105e-01]
 [3.40984352e-02 4.02562246e-02 5.24366722e-02 2.64611375e-02
  3.67906759e-03 8.15904175e-04 3.45932989e-04 8.28368124e-04
  1.65183854e-03 1.65183854e-03 1.65183854e-03 1.65183854e-03
  1.65183854e-03 1.65183854e-03 1.65183854e-03 1.65183854e-03
  1.65183854e-03 1.65183854e-03]
 [8.60530511e-02 4.61040735e-02 4.35377471e-02 2.09147800e-02
  1.58189703e-03 7.37989321e-03 4.01766831e-03 9.00082290e-03
  8.94640514e-04 1.94202047e-02 7.61428615e-04 1.97723955e-02
  1.42947386e-03 1.42947386e-03 1.42947386e-03 1.42947386e-03
  1.42947386e-03 1.42947386e-03]]
epoch:	40	rewards:	[[6.0456998e-05 5.9178948e-02 8.8767208e-02 1.8262179e-05 1.9759957e-04
  1.0075874e-05 2.5286575e-04 8.4609544e-04 6.1549872e-02 1.2305629e-01
  8.1886552e-05 6.2855728e-02 4.9731010e-05 1.8020073e-06 1.2595218e-06
  1.3432631e-06 1.3432631e-06 1.3432631e-06]
 [2.1205498e-02 1.2644161e-02 8.1135742e-02 3.0176412e-02 2.9149495e-02
  2.4917198e-02 4.9408585e-02 3.7063174e-02 6.5748207e-02 6.5748207e-02
  6.5748207e-02 6.5748207e-02 6.5748207e-02 6.5748207e-02 6.5748207e-02
  6.5748207e-02 6.5748207e-02 6.5748207e-02]
 [2.9577009e-02 2.9637946e-02 2.9853230e-02 1.3523437e-04 4.6191522e-05
  3.0626581e-04 4.6996032e-05 1.3783849e-03 5.1636791e-05 6.7217588e-05
  6.1544698e-02 1.2437205e-01 1.8602519e-01 2.4878663e-01 2.5660282e-01
  1.0970521e-02 2.6106695e-03 8.2708630e-06]
 [1.3961968e-01 2.9715154e-02 3.3027280e-02 4.3296218e-02 4.5321889e-02
  1.1897505e-01 4.5497432e-02 9.1687500e-02 6.5748207e-02 6.5748207e-02
  6.5748207e-02 6.5748207e-02 6.5748207e-02 6.5748207e-02 6.5748207e-02
  6.5748207e-02 6.5748207e-02 6.5748207e-02]
 [2.9821461e-02 5.4509968e-05 3.2186896e-02 6.1704833e-02 1.6051787e-03
  8.7312255e-05 5.8983682e-05 7.5106232e-07 6.4259689e-07 2.1260552e-08
  1.7299511e-08 4.7080850e-09 4.7080850e-09 4.7080850e-09 4.7080850e-09
  4.7080850e-09 4.7080850e-09 4.7080850e-09]]
epoch:	45	rewards:	[[0.02413808 0.01819102 0.08938288 0.05476128 0.00064748 0.05716714
  0.00084194 0.00084194 0.00078939 0.00084194 0.00084194 0.00084194
  0.00084194 0.00084194 0.00084194 0.00084194 0.00084194 0.00084194]
 [0.12873627 0.03605182 0.04191978 0.09390824 0.05947787 0.09978084
  0.07714248 0.05928109 0.09457577 0.09457577 0.09457577 0.09457577
  0.09457577 0.09457577 0.09457577 0.09457577 0.09457577 0.09457577]
 [0.01848529 0.07088122 0.03667575 0.03904398 0.12452772 0.01934007
  0.00084194 0.00084194 0.00084194 0.00084194 0.00084194 0.00084194
  0.00084194 0.00084194 0.00079162 0.00084194 0.00084194 0.00084194]
 [0.12369672 0.01406899 0.04870451 0.04793629 0.08783326 0.01898015
  0.08284228 0.03700073 0.09457577 0.09457577 0.09457577 0.09457577
  0.09457577 0.09457577 0.09457577 0.09457577 0.09457577 0.09457577]
 [0.03015121 0.07029912 0.09397815 0.03674358 0.15112358 0.08173305
  0.04803333 0.00182234 0.00018398 0.00022623 0.00022623 0.00019807
  0.00022623 0.00022623 0.00022623 0.00022623 0.00021211 0.00022623]]
epoch:	49	rewards:	[[9.23436061e-02 2.77476996e-04 6.11453271e-03 3.25972624e-02
  1.55613437e-01 1.55622691e-01 1.56574875e-01 2.49752000e-01
  4.03911203e-01 3.10324132e-01 2.49645680e-01 2.06590760e-02
  2.20330656e-02 2.20330656e-02 2.20330656e-02 2.20330656e-02
  2.20330656e-02 2.20330656e-02]
 [1.04600616e-01 5.94583750e-02 2.63546742e-02 2.45236810e-02
  3.35888891e-03 4.91537899e-02 4.21604095e-03 4.21604095e-03
  4.21604095e-03 4.21604095e-03 4.21604095e-03 4.21604095e-03
  4.21604095e-03 4.21604095e-03 4.21604095e-03 4.21604095e-03
  4.21604095e-03 4.21604095e-03]
 [4.77282256e-02 2.76661888e-02 8.47099870e-02 6.24361783e-02
  9.24277827e-02 5.38097359e-02 6.20565936e-02 9.10046771e-02
  1.06706865e-01 1.06706865e-01 1.06706865e-01 1.06706865e-01
  1.06706865e-01 1.06706865e-01 1.06706865e-01 1.06706865e-01
  1.06706865e-01 1.06706865e-01]
 [5.66321947e-02 4.27073427e-02 8.35746005e-02 6.55416697e-02
  4.18556631e-02 4.29715887e-02 1.12846769e-01 3.50837037e-03
  2.46120570e-03 3.33444405e-05 3.92878064e-05 4.73099902e-07
  2.50483261e-08 1.61548686e-09 1.36647516e-09 2.98232483e-09
  6.39834186e-09 2.82481705e-09]
 [7.41037354e-02 2.26660594e-02 1.85837364e-03 2.52872277e-02
  2.59760767e-02 2.64933351e-02 4.74399043e-04 3.98837990e-04
  3.79812182e-03 2.36777327e-04 2.52551457e-04 2.52551457e-04
  2.52551457e-04 2.52551457e-04 2.52551457e-04 2.52551457e-04
  2.52551457e-04 2.52551457e-04]]
