pre-training...
epoch:	0	nll:	1.3639594
epoch:	5	nll:	0.8667764
epoch:	10	nll:	0.5782741
epoch:	15	nll:	0.5123733
epoch:	20	nll:	0.4804343
epoch:	25	nll:	0.46279597
epoch:	30	nll:	0.44471946
epoch:	35	nll:	0.42933288
epoch:	40	nll:	0.4143895
epoch:	45	nll:	0.40440956
epoch:	50	nll:	0.39653745
epoch:	55	nll:	0.38792273
epoch:	60	nll:	0.37643453
epoch:	65	nll:	0.3621517
epoch:	70	nll:	0.3482677
epoch:	75	nll:	0.33059695
epoch:	80	nll:	0.30220705
epoch:	85	nll:	0.27617365
epoch:	90	nll:	0.26280624
epoch:	95	nll:	0.23930082
epoch:	100	nll:	0.26284093
epoch:	105	nll:	0.2216596
epoch:	110	nll:	0.22309038
epoch:	115	nll:	0.20098254
adversarial training...
epoch:	0	rewards:	[[1.17592419e-04 3.52434907e-03 1.01452516e-02 7.57439848e-05
  2.22554710e-03 1.77435158e-03 5.58156316e-05 1.77708542e-04
  2.45130737e-04 1.90416549e-03 8.76829217e-05 3.81581718e-04
  3.51904782e-05 3.12189892e-04 4.46788290e-05 5.17250519e-05
  3.85849853e-05 2.05095101e-04]
 [2.87659205e-02 2.61919311e-04 2.83550151e-04 3.32141807e-03
  3.69622023e-03 9.02408865e-05 6.18278864e-05 1.50627253e-04
  1.33111549e-04 2.63208145e-04 4.27754567e-04 4.27754567e-04
  4.27754567e-04 4.27754567e-04 4.27754567e-04 4.02533449e-04
  4.01467929e-04 4.27754567e-04]
 [2.97441594e-02 5.53572997e-02 2.48884880e-05 3.62766412e-04
  6.48901259e-05 8.70048476e-04 3.29164905e-05 6.66903579e-05
  1.93003769e-04 4.51183366e-03 7.80993214e-05 1.18648395e-05
  2.88453302e-05 2.67887071e-06 2.67887071e-06 2.67887071e-06
  2.67887071e-06 2.67887071e-06]
 [3.18391807e-02 4.60808980e-04 9.76985611e-05 3.60714877e-03
  5.42909438e-05 3.11208933e-05 1.84042775e-03 2.71286281e-05
  5.93710065e-05 2.31984632e-05 4.70241532e-04 5.26317512e-04
  6.14458913e-05 1.01385755e-03 1.18649405e-04 1.13570954e-04
  4.82514724e-06 1.82716042e-06]
 [7.24776415e-04 6.17584446e-04 3.86894186e-04 3.84946819e-03
  1.29112857e-03 1.01289274e-02 6.59202710e-02 5.53874113e-03
  6.14934179e-05 3.11267469e-03 4.76213964e-03 4.77741210e-04
  4.47103143e-04 2.11258361e-04 1.57634390e-03 4.37973300e-04
  5.89148913e-05 1.39108024e-05]]
epoch:	5	rewards:	[[6.83087797e-04 1.48780756e-02 2.87164878e-02 4.18412089e-02
  1.11807778e-03 7.17158313e-04 5.18563320e-04 3.81097576e-04
  1.32057758e-04 9.43674822e-05 1.97130707e-04 1.97130707e-04
  1.97130707e-04 1.97130707e-04 1.97130707e-04 1.97130707e-04
  1.97130707e-04 1.97130707e-04]
 [4.81178140e-04 1.46595873e-02 2.24657662e-04 5.21305890e-04
  1.32612255e-03 3.10180912e-04 1.39353340e-02 9.43277255e-02
  3.89098190e-03 8.85869041e-02 1.70675700e-03 1.44410110e-03
  6.21466432e-04 5.74323640e-04 1.18257373e-03 1.25418953e-03
  1.25418953e-03 1.25418953e-03]
 [1.56199988e-02 1.42958611e-02 1.08964881e-03 1.72547321e-03
  6.27368176e-03 2.75017601e-03 1.14616938e-02 3.70237529e-02
  3.16321966e-04 2.04532128e-03 1.28746815e-02 6.60698768e-03
  5.73426194e-04 5.54251892e-05 9.27863803e-05 9.29494418e-05
  2.14405445e-04 2.64466726e-05]
 [6.39956212e-04 5.24474890e-04 1.19578827e-03 1.77377202e-02
  9.73319337e-02 4.51865532e-02 9.76704955e-02 8.40001926e-02
  1.51558733e-03 1.45864883e-03 1.51558733e-03 1.51558733e-03
  1.51558733e-03 1.51558733e-03 1.43353234e-03 1.51558733e-03
  1.51558733e-03 2.02984491e-04]
 [9.11813695e-03 3.42736356e-02 8.88331514e-03 1.18078291e-02
  1.45551935e-01 7.33695645e-03 2.47620698e-03 5.72565664e-03
  6.07548421e-03 6.07548421e-03 6.07548421e-03 6.07548421e-03
  6.07548421e-03 6.07548421e-03 6.07548421e-03 6.07548421e-03
  6.07548421e-03 6.07548421e-03]]
epoch:	10	rewards:	[[1.8704494e-03 1.3899936e-03 4.3995987e-04 2.2936286e-03 1.7501658e-03
  5.9753802e-02 1.8030008e-02 7.5022373e-03 5.8547006e-04 1.2723722e-02
  1.9891986e-03 8.6046904e-03 2.8826492e-03 4.4697081e-03 3.1227931e-02
  3.3183128e-03 3.3334363e-02 1.7874554e-03]
 [1.4140834e-03 2.0683706e-02 2.5967015e-03 1.7030819e-03 1.3112054e-03
  5.4026682e-02 1.2096253e-02 5.4330610e-02 6.1443001e-02 6.6291228e-02
  8.7162200e-03 1.4162978e-02 9.3539972e-03 1.3773573e-02 8.5274540e-02
  8.5274540e-02 8.5274540e-02 8.5274540e-02]
 [4.5195851e-02 1.6580102e-03 8.7593577e-04 1.1323894e-03 2.8529173e-02
  2.7826551e-02 5.9902702e-02 8.0642380e-02 4.0922945e-04 5.5126473e-04
  4.7930804e-04 3.0069554e-03 1.1816912e-04 2.1993203e-04 1.2143385e-04
  3.2245734e-04 1.2694036e-04 9.8795404e-05]
 [8.9922287e-03 5.0810319e-03 1.0300918e-02 1.4076115e-02 3.5941899e-03
  4.7591776e-03 1.5577114e-03 1.1223862e-03 8.0994901e-04 6.0022232e-04
  1.0661201e-03 8.0497150e-04 9.9478359e-04 9.9478359e-04 9.9478359e-04
  9.9478359e-04 9.4169239e-04 9.9478359e-04]
 [1.9072491e-04 9.0200617e-04 4.2960723e-04 8.4259157e-04 7.9711067e-04
  3.6394289e-03 3.1607423e-04 2.0398849e-04 8.5121457e-04 6.0300785e-04
  7.5176521e-04 9.2078838e-04 7.6711108e-04 1.1041799e-03 9.3923567e-04
  5.2317139e-04 7.6768221e-04 4.2142678e-05]]
epoch:	15	rewards:	[[3.92559741e-04 6.73359446e-03 2.65754131e-03 3.92015185e-03
  1.81678566e-04 2.64510629e-04 2.14590007e-04 1.38212682e-03
  2.09454971e-04 1.22234598e-03 1.91593473e-03 4.27181134e-04
  2.49844074e-04 4.60624520e-04 1.70466781e-04 2.02646799e-04
  6.44566491e-04 2.73011992e-05]
 [1.44491009e-02 9.79964854e-04 5.37087303e-03 5.34895400e-04
  3.84759798e-04 3.36678495e-04 3.97081894e-04 1.89324695e-04
  6.86394051e-05 1.64608340e-04 6.46811968e-05 1.11079404e-04
  1.09370536e-04 1.42580277e-04 1.04752689e-04 1.75379158e-04
  1.24265338e-04 2.47581804e-04]
 [2.74326187e-02 2.18964485e-03 2.62861140e-03 7.82068004e-04
  1.72884890e-03 2.61175027e-03 1.67826703e-03 1.65313680e-03
  6.38275582e-04 4.39565512e-04 8.51579753e-05 1.96930967e-04
  1.96930967e-04 1.96930967e-04 1.96930967e-04 1.96930967e-04
  1.96930967e-04 1.96930967e-04]
 [1.59429666e-02 1.45425284e-02 2.86577623e-02 2.19172519e-03
  2.22634990e-03 1.01224962e-03 6.59951521e-03 1.56310888e-03
  7.96437613e-04 2.75349617e-03 3.36341065e-04 3.17398313e-04
  3.49663693e-04 2.70286109e-04 4.05594328e-04 2.24283183e-04
  4.67917489e-05 6.44646425e-05]
 [1.73831405e-03 1.56329721e-02 4.96331777e-04 3.73634556e-03
  3.40179801e-02 1.09084402e-04 2.00566821e-04 4.46010905e-04
  4.72357729e-03 4.61077224e-03 9.87990294e-04 6.58897770e-05
  8.47563715e-05 6.71810121e-05 1.78029208e-04 4.09799941e-05
  4.09799941e-05 4.09799941e-05]]
epoch:	20	rewards:	[[1.6210150e-02 9.9578756e-04 1.6486330e-02 7.2701775e-02 6.2359050e-02
  6.0480017e-02 1.0495000e-01 2.1118581e-02 2.2506239e-02 2.2506239e-02
  2.2506239e-02 2.2506239e-02 2.2506239e-02 2.2506239e-02 2.2506239e-02
  2.2506239e-02 2.2506239e-02 2.2506239e-02]
 [1.5436185e-02 3.7756038e-04 1.8778952e-05 4.3067623e-05 1.7324350e-05
  1.1231357e-05 2.0626710e-05 3.1252373e-05 1.3666817e-05 3.2529071e-05
  1.6705044e-05 2.0571964e-05 2.0999139e-05 3.0074936e-05 3.0417666e-05
  3.7236368e-05 3.3017157e-05 4.1044765e-05]
 [6.5028436e-02 4.6616546e-03 3.9253489e-04 1.0265658e-03 6.9690665e-04
  9.9003734e-04 1.3684082e-03 1.1432186e-03 5.0647773e-02 6.4446544e-03
  4.9511995e-03 2.4824466e-03 9.6372291e-03 7.9945214e-03 9.2276372e-04
  9.2276372e-04 8.6880161e-04 9.2276372e-04]
 [1.6526217e-02 7.7089392e-02 1.0669215e-03 3.6583294e-04 1.1964252e-03
  2.0836858e-04 2.0804349e-03 1.4957374e-04 5.3186464e-04 1.1126087e-04
  1.8045226e-04 1.9523244e-04 2.3162269e-04 5.9577724e-04 7.4264972e-05
  1.0786184e-04 8.4714280e-05 4.0642545e-04]
 [3.1811479e-03 1.6678696e-03 3.1181045e-03 2.7318581e-03 3.2976473e-04
  5.6237835e-03 4.1062911e-03 4.5325025e-03 7.8794900e-03 1.9868149e-01
  6.4006872e-02 6.9398761e-02 6.7146338e-04 7.7758031e-04 7.6880759e-05
  3.6937010e-05 1.4461201e-04 7.1379234e-04]]
epoch:	25	rewards:	[[3.01845983e-04 1.93714412e-04 2.67834254e-02 1.30276550e-02
  1.66930852e-03 7.68694503e-04 2.37087696e-03 2.85057933e-03
  1.56126582e-04 1.60760872e-04 1.60760872e-04 1.60760872e-04
  1.60760872e-04 1.43448517e-04 1.60760872e-04 1.60760872e-04
  1.60760872e-04 1.60760872e-04]
 [3.46528512e-04 4.26727056e-04 1.38351191e-02 1.52249048e-02
  3.61091411e-03 1.11958978e-03 1.17551896e-03 1.72199740e-03
  1.91528496e-04 2.60059978e-03 1.65812380e-05 1.54644640e-05
  1.44267278e-05 1.12284461e-05 2.25394160e-06 1.96970882e-06
  1.96970882e-06 1.96970882e-06]
 [1.31620504e-02 6.27665257e-04 9.77690984e-03 3.12579999e-04
  5.79370069e-04 4.40405868e-02 1.71519132e-04 9.01900232e-04
  8.02928262e-05 6.00786298e-05 2.56444291e-05 2.83711852e-04
  1.61502066e-05 3.30901239e-05 2.00831237e-05 2.00831237e-05
  2.00831237e-05 2.00831237e-05]
 [8.70903837e-04 3.35824065e-04 1.68979412e-03 9.17598882e-05
  2.47932831e-03 1.05243409e-03 5.40229899e-04 4.53653224e-02
  1.77661260e-03 3.59015935e-03 1.42379649e-04 2.19282068e-04
  1.14293260e-04 9.58114324e-05 9.58114324e-05 9.58114324e-05
  9.58114324e-05 9.58114324e-05]
 [4.66182100e-04 2.60697417e-02 1.12818915e-03 7.55307032e-04
  5.97278066e-02 9.42959392e-04 1.00318386e-04 1.36033853e-03
  5.77251078e-04 5.76722668e-04 3.15081037e-04 3.00378626e-04
  5.97347913e-04 3.72104725e-04 1.68154336e-04 2.82920519e-05
  1.01081478e-05 8.00672133e-05]]
epoch:	30	rewards:	[[3.93418566e-04 3.15022859e-04 3.60370427e-02 9.56750824e-04
  1.06664211e-01 1.07168898e-01 1.77475139e-01 1.24770626e-01
  1.41989696e-03 1.44412008e-03 1.35678472e-03 1.44412008e-03
  1.44412008e-03 1.38017465e-03 1.44412008e-03 1.44412008e-03
  1.44412008e-03 1.44412008e-03]
 [8.53132282e-04 4.59708972e-04 2.45960400e-04 4.63727833e-04
  2.96322862e-04 3.19396984e-03 1.47649072e-04 1.81262469e-04
  2.04383934e-04 6.19716477e-04 1.79836235e-04 4.00797901e-04
  1.09509281e-04 2.46374606e-04 1.58113791e-04 3.07980838e-04
  3.47214314e-04 4.50189909e-05]
 [3.29155242e-03 2.67635914e-04 1.35588308e-03 3.02409218e-03
  5.93924953e-04 2.98226980e-04 2.65719416e-03 2.65719416e-03
  2.65719416e-03 2.65719416e-03 2.65719416e-03 2.65719416e-03
  2.65719416e-03 2.49535707e-03 2.65719416e-03 2.65719416e-03
  2.49477406e-03 2.65719416e-03]
 [3.14217788e-04 1.78410523e-02 1.33967977e-02 1.10237731e-03
  6.69958722e-03 6.22008629e-02 1.21303229e-02 6.57467917e-02
  1.24232531e-01 1.25615755e-02 5.80775493e-04 8.97239486e-04
  9.38207668e-04 6.44566666e-04 1.75656355e-03 1.82493543e-03
  1.82493543e-03 1.82493543e-03]
 [4.90824343e-04 8.65861584e-05 1.31027002e-04 4.42503588e-05
  4.43236713e-05 3.48477733e-05 6.13483116e-02 7.66180019e-05
  6.98842923e-05 7.03866535e-05 1.10681533e-04 1.14098388e-04
  1.24126353e-04 1.40722579e-04 6.62156090e-05 9.94682341e-05
  4.01979596e-05 5.41245718e-05]]
epoch:	35	rewards:	[[9.75297735e-05 6.06062226e-02 6.09251074e-02 1.09147877e-05
  5.25547784e-06 1.33899230e-05 5.70276779e-06 2.19898402e-06
  1.85331683e-05 3.18270077e-06 1.93048363e-05 1.18605828e-06
  1.19435867e-06 1.89079046e-08 2.11836113e-08 1.58432929e-08
  1.04412043e-08 9.21102306e-09]
 [8.37766565e-05 4.57448559e-03 7.00737757e-04 5.67257986e-04
  1.03840568e-04 1.57567556e-04 2.81477300e-03 1.44324484e-04
  9.06171226e-06 2.70725177e-05 8.47131651e-06 7.01796353e-06
  3.71776923e-06 7.12218798e-06 7.12218798e-06 7.12218798e-06
  7.12218798e-06 7.12218798e-06]
 [6.15999708e-03 6.57686847e-04 4.39124924e-05 1.25101142e-04
  1.01780061e-04 6.09574417e-05 1.08897635e-04 1.03425897e-04
  4.97816245e-06 4.16032344e-06 1.33535525e-06 1.33535525e-06
  1.33535525e-06 1.33535525e-06 1.33535525e-06 1.33535525e-06
  1.33535525e-06 1.33535525e-06]
 [4.56217537e-03 3.62980536e-05 1.86046072e-05 9.91098113e-06
  5.11753069e-06 9.87153908e-05 2.70683342e-03 1.04922510e-04
  2.86286813e-05 3.01660093e-05 6.81696065e-07 3.65960750e-06
  8.70248357e-07 5.05154333e-07 4.26472161e-06 1.44166897e-05
  2.16708827e-06 5.19551726e-08]
 [7.13108340e-03 3.10866511e-04 3.68355395e-04 1.48775638e-04
  6.05862699e-02 3.03468929e-04 6.56468319e-06 1.00062834e-05
  7.82257302e-06 1.02921585e-05 1.74207980e-06 2.15372529e-06
  7.69200710e-07 5.01328441e-06 3.47203641e-05 2.23702295e-06
  5.60614126e-06 2.30663363e-06]]
epoch:	40	rewards:	[[9.64743867e-06 5.05309617e-05 2.19268841e-05 4.83549898e-04
  1.49978850e-05 3.57757090e-05 7.42875727e-06 1.03666767e-04
  1.03999766e-04 3.41059531e-05 4.07435618e-06 6.17113392e-06
  1.65583915e-05 1.22848342e-05 4.83648273e-06 1.72707296e-05
  6.43824606e-05 1.34249902e-04]
 [3.83423583e-04 3.66225227e-04 2.55007874e-02 2.53740288e-02
  7.08891748e-05 2.84318870e-04 1.29258857e-04 3.32198193e-04
  2.08058729e-04 3.27926500e-05 2.71655372e-05 1.07201204e-05
  1.11501004e-05 1.05131694e-05 1.11501004e-05 1.11501004e-05
  1.11501004e-05 1.11501004e-05]
 [2.51242593e-02 6.51840586e-04 2.50971708e-02 2.59637963e-02
  3.45431559e-04 4.10876382e-04 3.87167238e-04 1.57151328e-04
  5.27803313e-05 1.04055631e-04 5.99455634e-05 2.11885053e-05
  9.10821109e-06 9.64083119e-06 9.64083119e-06 9.64083119e-06
  9.64083119e-06 9.64083119e-06]
 [4.43911733e-04 3.98858823e-03 3.66774597e-03 1.80219428e-03
  4.66362981e-05 1.17554432e-02 2.29150348e-04 1.01707832e-04
  1.41956634e-05 8.75812329e-05 9.78220851e-05 5.91378739e-06
  1.29872133e-05 5.27252450e-06 3.31590877e-06 3.31590877e-06
  3.12279053e-06 3.31590877e-06]
 [3.05098889e-04 2.52948521e-04 1.33782116e-04 8.17256398e-04
  2.08548014e-03 8.21735652e-04 2.27228338e-05 6.04359247e-03
  8.21312889e-03 8.96840915e-03 9.73231066e-03 1.12079894e-02
  1.12098604e-02 9.74793267e-03 1.19459284e-02 1.12060597e-02
  1.12081962e-02 1.19459284e-02]]
epoch:	45	rewards:	[[7.41966185e-04 2.78082006e-02 5.64308390e-02 2.82142144e-02
  5.38934546e-04 2.02460884e-04 3.15550948e-04 2.84537091e-04
  5.41893765e-04 6.87882246e-04 9.85452207e-04 9.85452207e-04
  9.85452207e-04 9.85452207e-04 9.24828346e-04 9.85452207e-04
  9.85452207e-04 9.85452207e-04]
 [6.60503050e-04 4.13161615e-04 8.39547502e-05 5.74575029e-02
  6.85755014e-02 5.72994016e-02 1.15480334e-01 3.15574743e-03
  1.22576825e-01 1.20755233e-01 1.93086779e-03 1.00117980e-03
  2.74606189e-03 2.59409798e-03 2.74606189e-03 2.57700356e-03
  2.74606189e-03 2.74606189e-03]
 [1.07204961e-03 8.04186202e-05 2.78047839e-04 4.50500334e-03
  1.91979198e-04 2.13968990e-04 4.23757592e-04 5.87005226e-04
  7.54981738e-06 2.40586160e-05 4.78745922e-02 6.14708697e-05
  1.04426043e-04 8.43038379e-06 8.45270915e-06 8.92921616e-06
  8.92921616e-06 8.92921616e-06]
 [2.78555825e-02 2.35013012e-03 1.68225903e-04 2.01153714e-04
  1.48113977e-04 3.31858639e-04 5.47243144e-06 1.78692717e-04
  1.51918503e-05 8.17875207e-06 5.45629018e-06 1.54522274e-06
  1.03272896e-06 8.05568448e-07 8.10836298e-07 3.20484247e-07
  7.65867526e-07 8.47330966e-07]
 [2.85832752e-02 2.98844725e-02 5.56592755e-02 2.98787355e-02
  5.81693873e-02 1.13073565e-01 2.24137977e-01 2.22517416e-01
  1.74855592e-03 2.01116269e-03 2.14476720e-03 1.88014063e-03
  2.14476720e-03 2.14476720e-03 2.14476720e-03 2.14476720e-03
  1.87855668e-03 2.14476720e-03]]
epoch:	49	rewards:	[[6.60180813e-03 1.52356923e-04 2.92338198e-04 1.29818509e-04
  2.59038148e-04 1.53533532e-04 4.16446384e-03 4.42757970e-03
  2.40207271e-04 1.17615727e-03 2.36994689e-04 2.96659098e-04
  4.67732134e-05 4.43814897e-05 3.33244898e-05 1.53614237e-05
  6.83427470e-06 4.64431378e-06]
 [2.27372907e-02 2.59965635e-03 9.04203355e-02 2.28629839e-02
  9.07477108e-04 1.52159933e-04 5.56796265e-04 1.30836701e-03
  6.61096070e-04 8.36270861e-04 9.32406867e-04 9.93421185e-04
  9.31780785e-04 9.93421185e-04 9.93421185e-04 9.93421185e-04
  9.32067225e-04 9.93421185e-04]
 [1.45882543e-04 1.74717940e-02 3.32862575e-04 6.24906752e-05
  3.81075032e-03 5.95465011e-04 3.01326765e-03 1.94624788e-03
  2.97373813e-03 3.34271952e-03 1.19198464e-01 1.88779365e-03
  6.46689460e-02 1.86124519e-01 2.40552887e-01 1.88767642e-01
  6.77651726e-03 6.77651726e-03]
 [2.47529633e-02 2.32567713e-02 2.35553272e-02 4.58388701e-02
  6.66725216e-04 3.13654833e-04 6.09878683e-03 3.86270694e-05
  4.33016918e-04 3.87929031e-04 1.21587154e-03 5.51327867e-05
  5.51327867e-05 5.51327867e-05 5.51327867e-05 5.51327867e-05
  5.51327867e-05 5.51327867e-05]
 [8.40700697e-04 2.07239063e-04 4.55461927e-02 2.38822922e-02
  6.67056302e-04 7.96946581e-04 1.84152086e-04 4.74105531e-04
  7.30193802e-04 9.38912854e-04 1.28274772e-03 1.28274772e-03
  1.20278972e-03 1.28274772e-03 1.28274772e-03 1.20306411e-03
  1.28274772e-03 1.28274772e-03]]
