pre-training...
epoch:	0	nll:	1.295821
epoch:	5	nll:	0.6772783
epoch:	10	nll:	0.4910899
epoch:	15	nll:	0.4668924
epoch:	20	nll:	0.458757
epoch:	25	nll:	0.44897878
epoch:	30	nll:	0.434319
epoch:	35	nll:	0.41640875
epoch:	40	nll:	0.40134954
epoch:	45	nll:	0.38878462
epoch:	50	nll:	0.37895632
epoch:	55	nll:	0.3687844
epoch:	60	nll:	0.35844973
epoch:	65	nll:	0.34721246
epoch:	70	nll:	0.3326933
epoch:	75	nll:	0.3141542
epoch:	80	nll:	0.29508218
epoch:	85	nll:	0.30828318
epoch:	90	nll:	0.28165147
epoch:	95	nll:	0.26884308
epoch:	100	nll:	0.25645864
epoch:	105	nll:	0.24698104
epoch:	110	nll:	0.22765681
epoch:	115	nll:	0.20856078
adversarial training...
epoch:	0	rewards:	[[5.36630489e-03 6.72658160e-02 5.48907738e-05 2.31195663e-04
  2.05023307e-03 5.78450446e-04 8.13829029e-05 1.79662355e-04
  4.77171779e-05 1.54710597e-05 1.54710597e-05 1.54710597e-05
  1.54710597e-05 1.54710597e-05 1.54710597e-05 1.54710597e-05
  1.54710597e-05 1.54710597e-05]
 [3.81131045e-04 6.98802993e-04 9.76222684e-04 5.70860633e-04
  8.15742766e-04 2.56014551e-04 7.25176651e-05 4.26013954e-03
  1.08989261e-04 2.20224247e-04 1.55209142e-04 1.16452153e-04
  1.82503631e-04 2.24982607e-04 2.24661402e-04 2.24982607e-04
  2.24982607e-04 2.24982607e-04]
 [7.00063631e-02 5.27516380e-02 1.62304015e-04 1.10855115e-04
  2.64434697e-04 4.80043218e-02 2.63413298e-03 5.28098724e-04
  1.27907307e-03 2.57984712e-03 7.59218412e-04 2.57538952e-04
  7.73237378e-04 5.05300995e-04 4.20924858e-04 4.57957969e-04
  4.15402814e-04 7.49369283e-05]
 [6.26129657e-03 2.73770653e-03 3.16849328e-04 2.09614821e-03
  6.15829718e-04 4.63395001e-04 3.68705747e-04 1.08588533e-03
  1.10995828e-03 1.22779729e-02 2.39139612e-04 3.31846008e-04
  3.16348916e-04 1.17389638e-04 2.41207730e-04 1.21133548e-04
  2.98676809e-04 2.68631917e-03]
 [6.48580957e-03 8.75400787e-04 4.24453283e-05 6.86338608e-05
  4.40854383e-05 4.40503267e-04 1.31366236e-04 1.19704974e-03
  6.64833002e-04 5.75105809e-02 1.23843714e-03 5.64618129e-03
  1.39914146e-02 2.51286924e-02 1.08119603e-02 1.67567725e-03
  6.30953535e-03 3.61805339e-03]]
epoch:	5	rewards:	[[2.38226969e-02 6.11358024e-02 5.37665444e-04 1.20107585e-03
  3.28794064e-04 2.55677616e-04 4.71245556e-04 3.24227294e-04
  3.69975780e-04 3.69975780e-04 3.69975780e-04 3.69975780e-04
  3.69975780e-04 3.69975780e-04 3.69975780e-04 3.69975780e-04
  3.69975780e-04 3.69975780e-04]
 [1.57455172e-04 7.63887729e-05 2.51002435e-04 1.04047685e-04
  5.79854859e-05 1.17201736e-04 9.41032413e-05 8.15964449e-05
  1.48522304e-04 1.14585026e-04 4.24062528e-05 7.39838797e-05
  1.25968625e-04 6.63771280e-05 1.90123945e-04 1.16997311e-04
  1.25003178e-04 1.31306209e-04]
 [6.37442688e-04 2.83470086e-04 2.31613696e-04 2.78848660e-04
  6.47496199e-05 5.49692923e-05 6.75038391e-05 2.16097997e-05
  9.01990934e-05 9.30122333e-05 9.31868562e-05 2.86807608e-05
  2.38806679e-05 4.39377327e-05 3.96222640e-05 3.96222640e-05
  3.96222640e-05 3.96222640e-05]
 [2.35595639e-04 1.41512020e-04 7.04767153e-05 1.50647620e-03
  5.70462944e-05 3.43625725e-05 3.60634440e-05 2.78671778e-05
  1.80919887e-05 1.25040906e-05 1.53399578e-05 2.19529356e-05
  9.36529977e-05 1.03604463e-04 3.88294482e-03 3.57080971e-05
  1.43499356e-05 1.43499356e-05]
 [1.49362646e-02 3.02225148e-04 3.22119973e-04 3.93707334e-04
  3.09270981e-04 3.14312871e-04 6.79578574e-04 6.79578574e-04
  6.79578574e-04 6.79578574e-04 6.79578574e-04 6.79578574e-04
  6.79578574e-04 6.79578574e-04 6.79578574e-04 6.79578574e-04
  6.79578574e-04 6.79578574e-04]]
epoch:	10	rewards:	[[3.6932167e-02 2.1086270e-03 2.0905273e-04 1.6283718e-04 3.6804695e-04
  7.2629738e-04 5.4179295e-04 7.7577168e-04 2.4883302e-03 2.4883302e-03
  2.4883302e-03 2.4883302e-03 2.4883302e-03 2.4883302e-03 2.4883302e-03
  2.4883302e-03 2.4883302e-03 2.4883302e-03]
 [2.8071532e-04 1.9028226e-04 3.1553127e-04 2.6611943e-04 1.7874296e-04
  3.4007683e-04 4.4240049e-04 6.3326722e-04 6.8630947e-04 2.1894654e-04
  2.0839617e-04 1.3644608e-04 1.3148176e-04 1.3644608e-04 1.3644608e-04
  1.3644608e-04 1.3644608e-04 1.3644608e-04]
 [6.2035479e-02 1.8324273e-02 2.4920312e-04 6.2088754e-02 4.0711870e-04
  2.5310012e-04 1.3413971e-04 1.3945907e-04 1.3945907e-04 1.3945907e-04
  1.3945907e-04 1.3945907e-04 1.3945907e-04 1.3945907e-04 1.3945907e-04
  1.3945907e-04 1.3945907e-04 1.3945907e-04]
 [4.9717646e-02 1.9999340e-02 2.4622917e-04 1.8671546e-03 3.0822397e-04
  1.7297569e-04 2.7769376e-04 3.6655570e-04 3.2816920e-04 3.2367470e-04
  3.4256856e-04 3.4256856e-04 3.4256856e-04 3.4256856e-04 3.4256856e-04
  3.4256856e-04 3.4256856e-04 3.4256856e-04]
 [1.2307040e-03 3.6477387e-02 6.1843850e-02 5.1116321e-04 6.5928040e-04
  2.0575451e-04 7.9077639e-05 1.5624621e-04 3.2957224e-04 4.0187349e-04
  4.4458115e-04 4.8650560e-04 4.8650560e-04 4.8650560e-04 4.8650560e-04
  4.8650560e-04 4.8650560e-04 4.8650560e-04]]
epoch:	15	rewards:	[[2.1838285e-03 2.1540725e-03 1.3762717e-03 2.5146941e-03 1.4626664e-03
  2.2413435e-03 3.5492377e-03 5.7045477e-03 5.3049312e-03 6.7935977e-03
  6.7935977e-03 6.7935977e-03 6.7935977e-03 6.7935977e-03 6.7935977e-03
  6.7935977e-03 6.7935977e-03 6.7935977e-03]
 [7.6743169e-04 1.1409494e-01 1.1280837e-01 1.2097079e-03 3.4062542e-02
  4.5605404e-03 6.8741511e-03 6.8741511e-03 6.8741511e-03 6.8741511e-03
  6.8741511e-03 6.8741511e-03 6.8741511e-03 6.8741511e-03 6.8741511e-03
  6.8741511e-03 6.8741511e-03 6.8741511e-03]
 [2.4168678e-03 3.0150341e-02 7.2265364e-02 1.6260307e-03 3.7925232e-03
  5.4498512e-04 1.6942102e-04 1.1722366e-04 1.5500795e-04 2.0926753e-04
  2.3822828e-04 2.9841275e-04 2.9841275e-04 2.9841275e-04 2.9841275e-04
  2.9025844e-04 2.9841275e-04 2.9841275e-04]
 [1.4615490e-03 1.7589254e-03 5.9454795e-04 5.3927570e-04 5.7539466e-04
  2.5022936e-03 1.3473113e-04 1.6189016e-03 1.0350685e-04 4.3288589e-04
  1.6511614e-04 1.5274597e-04 1.3046773e-04 2.0011608e-04 8.8062450e-05
  4.8162503e-05 5.0760143e-05 5.8921174e-05]
 [5.8662768e-02 7.3274225e-02 4.7723032e-03 5.7531982e-03 3.7100357e-03
  6.2942798e-03 6.2942798e-03 6.2942798e-03 6.2942798e-03 6.0512889e-03
  6.2942798e-03 6.2942798e-03 6.2942798e-03 6.2942798e-03 6.2942798e-03
  6.2942798e-03 6.2942798e-03 6.2942798e-03]]
epoch:	20	rewards:	[[2.17928668e-04 5.37079526e-04 3.90481297e-03 1.30606359e-02
  6.38387399e-04 1.27462801e-04 1.40430697e-04 1.69852719e-04
  3.88751709e-04 3.37456033e-04 5.40053821e-04 9.88498447e-04
  9.88498447e-04 9.88498447e-04 9.88498447e-04 9.88498447e-04
  9.88498447e-04 9.88498447e-04]
 [1.87035799e-02 5.80198423e-04 3.99311743e-04 9.78011522e-05
  2.26556105e-04 2.37570828e-04 2.64806411e-04 8.05106072e-04
  1.52409208e-04 6.73790055e-05 6.46414774e-05 5.32319769e-04
  5.98894076e-05 1.80235911e-05 1.14373343e-05 1.14373343e-05
  1.14373343e-05 1.14373343e-05]
 [3.67911591e-04 3.90703681e-05 1.20040277e-04 1.33154594e-04
  6.57627461e-05 4.57149144e-05 5.77903229e-05 1.84501769e-05
  2.11902559e-04 8.22454331e-06 1.39796921e-05 1.29063601e-05
  1.22316378e-05 3.01971454e-06 1.34628533e-06 1.30016008e-06
  1.84054272e-06 1.84054272e-06]
 [1.84844919e-02 3.70790064e-03 7.13566900e-04 3.15846002e-04
  1.62467681e-04 2.12925836e-04 1.86688092e-04 1.10438494e-04
  8.54845421e-05 8.02980139e-05 3.32941527e-05 9.33582050e-05
  9.46792206e-05 9.19178929e-05 9.46792206e-05 9.46792206e-05
  9.46792206e-05 9.46792206e-05]
 [6.48064837e-02 3.71601200e-04 5.77349390e-04 6.00045372e-04
  3.40331258e-04 7.69635779e-04 9.66426858e-04 7.85139709e-05
  1.26439671e-04 5.57689309e-05 5.57689309e-05 5.57689309e-05
  5.57689309e-05 5.57689309e-05 5.57689309e-05 5.57689309e-05
  5.57689309e-05 5.57689309e-05]]
epoch:	25	rewards:	[[5.7176940e-02 3.9600655e-03 1.0504211e-01 1.0929339e-01 2.1743838e-02
  1.8222933e-03 4.1629379e-03 4.3839207e-03 4.3839207e-03 4.3839207e-03
  4.3839207e-03 4.3839207e-03 4.3839207e-03 4.3839207e-03 4.3839207e-03
  4.3839207e-03 4.3839207e-03 4.3839207e-03]
 [1.4539255e-03 1.1938446e-03 2.8454901e-03 1.6118106e-04 2.8694619e-04
  9.5822336e-04 5.7139189e-04 3.3882752e-03 2.9642859e-03 3.1535511e-03
  4.1381149e-03 3.7191031e-03 4.1381149e-03 4.1381149e-03 4.1381149e-03
  4.1381149e-03 4.1381149e-03 4.1381149e-03]
 [2.4694139e-03 2.6298135e-03 1.1221702e-03 1.0336093e-03 1.3979110e-03
  2.0743841e-03 2.2841485e-04 5.3295164e-05 6.4603431e-05 9.7896176e-05
  9.3359340e-05 9.7896176e-05 9.7896176e-05 9.7896176e-05 9.7896176e-05
  9.7896176e-05 9.7896176e-05 9.7896176e-05]
 [7.0159584e-02 1.4200406e-03 8.7922969e-04 3.4837908e-04 5.8351638e-04
  1.5426106e-03 3.4491096e-03 2.1219589e-03 2.8678874e-04 1.2719225e-04
  1.2719225e-04 1.2719225e-04 1.2719225e-04 1.2719225e-04 1.2719225e-04
  1.2719225e-04 1.2719225e-04 1.2719225e-04]
 [4.9138676e-02 3.7226747e-03 9.3559577e-04 1.0803317e-03 2.6248660e-04
  6.4876083e-05 1.7435157e-04 9.8777513e-05 1.7101539e-04 2.1911715e-04
  2.3265682e-04 7.7233548e-05 7.7233548e-05 7.7233548e-05 7.7233548e-05
  7.7233548e-05 7.7233548e-05 7.7233548e-05]]
epoch:	30	rewards:	[[1.8071595e-03 3.7242990e-02 5.6168326e-04 5.4892819e-02 1.4241120e-04
  5.6271978e-02 2.2437510e-01 1.8660894e-04 2.2282116e-05 4.8376718e-05
  6.9302805e-06 1.3010416e-05 1.3010416e-05 1.3010416e-05 1.3010416e-05
  1.3010416e-05 1.3010416e-05 1.3010416e-05]
 [3.7730683e-04 1.5629510e-03 1.7643761e-02 1.4195736e-02 4.0322032e-02
  5.0938578e-04 2.6195470e-04 1.8254007e-04 6.2127708e-04 5.5102264e-05
  1.3014380e-04 2.4584512e-04 3.2348561e-04 5.0732354e-04 7.7698659e-04
  8.2639582e-04 8.2639582e-04 8.2639582e-04]
 [6.2486682e-02 1.7891350e-01 4.9331682e-03 1.6696837e-04 1.6349264e-03
  8.1732502e-04 8.1732502e-04 8.1732502e-04 8.1732502e-04 8.1732502e-04
  8.1732502e-04 8.1732502e-04 8.1732502e-04 8.1732502e-04 8.1732502e-04
  8.1732502e-04 8.1732502e-04 8.1732502e-04]
 [6.4056891e-04 1.7704288e-04 2.4616864e-04 1.3086418e-04 9.2145878e-05
  4.2959029e-05 1.0336975e-04 2.8522134e-05 4.5594588e-05 1.4808980e-05
  1.7266884e-05 1.7908184e-05 1.7908184e-05 1.7908184e-05 1.7908184e-05
  1.7908184e-05 1.7296392e-05 1.7908184e-05]
 [1.6839984e-04 4.4007524e-05 1.4489386e-04 2.9422761e-05 8.3709325e-05
  1.2419775e-05 1.4296952e-05 4.7053209e-06 1.0119413e-06 1.1677287e-06
  1.0998550e-06 1.0998550e-06 1.0998550e-06 1.0998550e-06 1.0998550e-06
  1.0998550e-06 1.0998550e-06 1.0998550e-06]]
epoch:	35	rewards:	[[3.84083018e-02 3.89691480e-02 8.21927504e-04 1.05716106e-04
  1.63141842e-04 2.10399972e-04 1.50898501e-04 2.07459580e-05
  2.61125848e-07 4.86768613e-07 7.85310567e-06 7.99714257e-07
  1.45490931e-05 1.39818255e-07 1.27182318e-06 2.19295288e-07
  2.10589164e-07 2.07430787e-07]
 [6.34396274e-05 9.64193678e-05 8.80110674e-05 4.78603106e-05
  8.78146820e-05 7.92218925e-05 2.54320708e-04 2.54320708e-04
  2.54320708e-04 2.54320708e-04 2.54320708e-04 2.54320708e-04
  2.54320708e-04 2.54320708e-04 2.54320708e-04 2.54320708e-04
  2.54320708e-04 2.54320708e-04]
 [5.61161578e-05 3.84128168e-02 3.43889988e-05 8.88328850e-06
  5.83064684e-04 5.79438347e-06 5.73874160e-04 2.50831908e-06
  4.05141009e-07 4.87126817e-06 1.63719665e-06 7.36664163e-07
  1.90290379e-07 2.16999524e-07 2.16999524e-07 2.16999524e-07
  2.16999524e-07 2.16999524e-07]
 [8.54026268e-07 1.35910227e-06 1.78060520e-06 2.95508426e-06
  1.45400099e-06 6.66895872e-08 4.28616829e-07 3.40277808e-07
  1.88157316e-07 1.94717572e-07 2.94397665e-07 3.41568381e-07
  3.07234700e-08 3.55132315e-08 3.55132315e-08 3.41112631e-08
  3.55132315e-08 3.55132315e-08]
 [4.57208924e-04 1.18051807e-03 3.66546988e-01 5.16320324e-05
  2.52717909e-05 4.38980860e-05 7.66680969e-05 7.66680969e-05
  7.66680969e-05 7.66680969e-05 7.66680969e-05 7.66680969e-05
  7.66680969e-05 7.66680969e-05 7.66680969e-05 7.66680969e-05
  7.66680969e-05 7.66680969e-05]]
epoch:	40	rewards:	[[1.5743782e-06 1.6050698e-06 4.0004725e-06 6.0667685e-07 1.4909009e-06
  1.9061857e-06 1.3811522e-06 1.4719312e-07 1.4722515e-07 5.7532304e-07
  6.0596756e-07 6.0596756e-07 6.0596756e-07 6.0596756e-07 6.0596756e-07
  6.0596756e-07 6.0596756e-07 6.0596756e-07]
 [1.7239481e-06 6.1278365e-06 7.3762209e-07 7.8055876e-07 1.6717655e-06
  7.7250178e-07 6.5812328e-06 7.3849685e-07 5.3950021e-07 9.5054332e-07
  1.1895154e-06 1.2086074e-06 2.8618426e-06 2.8618426e-06 2.8618426e-06
  2.8618426e-06 2.8618426e-06 2.8618426e-06]
 [1.4250926e-04 3.3797324e-03 4.6084067e-04 1.9484589e-05 9.8902514e-05
  1.1298329e-04 1.1298329e-04 1.1298329e-04 1.1298329e-04 1.1298329e-04
  1.1298329e-04 1.1298329e-04 1.1298329e-04 1.1298329e-04 1.1298329e-04
  1.1298329e-04 1.1298329e-04 1.1298329e-04]
 [2.9243472e-06 1.2029097e-06 6.8238961e-07 2.9977596e-07 4.4889018e-07
  2.3578259e-07 2.3871514e-06 1.2183266e-06 1.6222768e-06 3.1859124e-06
  6.2289819e-06 3.1527367e-07 8.9421526e-08 8.9421526e-08 8.9421526e-08
  8.9421526e-08 8.9421526e-08 8.9421526e-08]
 [1.9278924e-04 2.2178072e-02 2.2364859e-02 2.6659068e-04 5.4285140e-04
  7.8210083e-04 7.8210083e-04 7.8210083e-04 7.8210083e-04 7.8210083e-04
  7.8210083e-04 7.8210083e-04 7.8210083e-04 7.8210083e-04 7.8210083e-04
  7.8210083e-04 7.8210083e-04 7.8210083e-04]]
epoch:	45	rewards:	[[5.89300238e-04 1.99737187e-04 2.91031407e-04 9.94803049e-05
  7.29659005e-05 1.14113172e-05 1.81378691e-05 8.40781868e-05
  2.45419164e-06 3.58097805e-06 3.58097805e-06 3.58097805e-06
  3.58097805e-06 3.58097805e-06 3.58097805e-06 3.58097805e-06
  3.58097805e-06 3.58097805e-06]
 [6.15863421e-04 7.06266016e-02 5.93891107e-02 7.27786217e-04
  6.92771515e-04 9.46546497e-04 4.74294102e-05 1.16419251e-05
  8.19430625e-06 1.67089056e-05 1.48714412e-06 8.23858591e-06
  6.55334304e-07 4.89472257e-07 4.89472257e-07 4.89472257e-07
  4.89472257e-07 4.89472257e-07]
 [1.99666938e-05 1.18440331e-03 1.14986018e-04 1.01794085e-05
  1.15532430e-05 6.74757361e-03 2.31169747e-06 5.74592468e-06
  2.67364544e-06 4.54087331e-06 1.50962760e-05 1.60896639e-06
  1.14225600e-06 3.49007394e-07 2.36449466e-07 8.89744683e-07
  3.15351741e-07 1.11360578e-07]
 [3.59464362e-02 1.49963889e-04 4.13635485e-02 9.65863073e-05
  1.89167986e-04 7.73041684e-05 1.93452779e-05 4.33500427e-05
  5.01271716e-05 5.01271716e-05 5.01271716e-05 5.01271716e-05
  5.01271716e-05 5.01271716e-05 5.01271716e-05 5.01271716e-05
  5.01271716e-05 5.01271716e-05]
 [8.17860127e-05 7.13871494e-02 3.01900879e-03 1.76728547e-01
  2.03369977e-03 1.93860527e-04 2.78014395e-05 9.01850672e-06
  3.16802175e-06 3.45418744e-06 2.14826359e-05 7.36683614e-06
  4.58153363e-06 4.87780653e-06 4.87780653e-06 4.87780653e-06
  4.87780653e-06 4.87780653e-06]]
epoch:	49	rewards:	[[2.68009435e-02 2.00060880e-04 1.51861721e-04 4.94640097e-02
  8.13647785e-06 7.14010457e-05 6.09832523e-06 2.43380100e-06
  2.18816945e-06 1.08052120e-06 1.20499550e-07 7.97905120e-09
  4.60425165e-09 7.39751016e-09 3.58152707e-09 7.80098564e-09
  2.81450308e-09 4.20228213e-10]
 [1.08452004e-04 2.93784984e-03 6.33507781e-03 5.88616310e-03
  2.60754787e-05 3.91147478e-06 5.34978062e-06 4.58221194e-07
  1.37145435e-07 1.82878622e-07 4.68854111e-08 1.64894288e-07
  1.00357647e-06 1.25848103e-07 2.18337732e-06 3.04807872e-06
  6.99190082e-07 2.59472768e-06]
 [1.46858184e-07 3.00224165e-05 1.88051068e-04 8.95600097e-05
  8.14471277e-04 1.35171986e-05 1.42147173e-05 1.42147173e-05
  1.42147173e-05 1.42147173e-05 1.42147173e-05 1.42147173e-05
  1.42147173e-05 1.35424980e-05 1.42147173e-05 1.42147173e-05
  1.42147173e-05 1.42147173e-05]
 [4.33661335e-05 1.79459981e-04 9.56718577e-05 2.11145278e-04
  1.00109384e-04 1.13278118e-04 3.13286349e-04 3.34155891e-04
  3.34155891e-04 3.34155891e-04 3.34155891e-04 3.34155891e-04
  3.34155891e-04 3.34155891e-04 3.34155891e-04 3.34155891e-04
  3.34155891e-04 3.34155891e-04]
 [6.11995492e-05 2.65782028e-02 2.64672227e-02 2.00992290e-04
  6.32095762e-05 4.55599860e-04 2.04327479e-02 9.95668670e-05
  5.10078498e-05 5.15935280e-05 5.15935280e-05 5.15935280e-05
  5.15935280e-05 5.15935280e-05 5.15935280e-05 5.15935280e-05
  5.15935280e-05 5.15935280e-05]]
