pre-training...
epoch:	0	nll:	1.3936238
epoch:	5	nll:	0.59875005
epoch:	10	nll:	0.5008591
epoch:	15	nll:	0.46785495
epoch:	20	nll:	0.43866068
epoch:	25	nll:	0.41031337
epoch:	30	nll:	0.38043767
epoch:	35	nll:	0.35116956
epoch:	40	nll:	0.31989008
epoch:	45	nll:	0.29063484
epoch:	50	nll:	0.27515855
epoch:	55	nll:	0.2648913
epoch:	60	nll:	0.25488502
epoch:	65	nll:	0.24460432
epoch:	70	nll:	0.24518293
epoch:	75	nll:	0.22686192
epoch:	80	nll:	0.21043302
epoch:	85	nll:	0.19853279
epoch:	90	nll:	0.19754483
epoch:	95	nll:	0.18284932
epoch:	100	nll:	0.17112538
epoch:	105	nll:	0.15050653
epoch:	110	nll:	0.14541379
epoch:	115	nll:	0.1298272
adversarial training...
epoch:	0	rewards:	[[6.9834419e-02 5.6407817e-02 1.9403987e-02 8.0368333e-03 7.1421959e-03
  6.9752991e-02 2.1982626e-03 3.7371595e-03 1.0379527e-02 1.7167153e-03
  8.3461618e-03 3.5550783e-03 5.6766085e-03 1.9227584e-03 9.2881946e-03
  1.0702245e-02 2.8191844e-02 2.0896322e-03]
 [6.8736717e-02 2.1640560e-02 3.9469454e-02 4.5428403e-02 8.6279809e-02
  7.1646079e-02 1.2437877e-01 2.6324118e-02 6.2412810e-02 5.4451050e-03
  3.8704809e-03 5.9515284e-03 5.4416815e-03 1.7436040e-03 1.0039926e-03
  3.8349422e-04 7.9258368e-04 1.4822508e-04]
 [9.3371399e-02 3.6732320e-02 4.9127784e-02 9.1931783e-02 5.5216398e-02
  4.8780767e-03 8.8399313e-03 5.6637879e-02 8.2950806e-03 8.8400487e-03
  8.8400487e-03 8.8400487e-03 8.8400487e-03 8.8400487e-03 8.8400487e-03
  8.8400487e-03 8.8400487e-03 8.8400487e-03]
 [4.3271031e-02 4.4101320e-02 1.0288586e-01 4.1007075e-02 2.4601618e-02
  9.3714200e-02 3.9474685e-03 9.4801836e-02 2.3814065e-03 4.4596821e-04
  5.1132037e-04 4.6358953e-04 4.6358953e-04 4.6358953e-04 4.6358953e-04
  4.6358953e-04 4.6358953e-04 4.6358953e-04]
 [3.0028762e-02 3.9275318e-02 2.4950206e-02 5.5704404e-02 1.4275970e-01
  7.4150726e-02 1.0823020e-01 1.6026568e-01 1.9624326e-01 1.7815177e-01
  2.8403684e-01 2.8403684e-01 2.8403684e-01 2.8403684e-01 2.8403684e-01
  2.8403684e-01 2.8403684e-01 2.8403684e-01]]
epoch:	5	rewards:	[[2.42553558e-02 3.75211276e-02 1.11386683e-02 2.73143426e-02
  8.47348291e-03 4.04197387e-02 3.97827663e-02 1.20921098e-01
  3.98506671e-02 7.92094544e-02 1.89178926e-03 1.55615553e-01
  1.17211275e-01 8.16471949e-02 1.98543131e-01 2.35913828e-01
  1.17370382e-01 7.48358070e-05]
 [1.39301782e-02 4.95653860e-02 2.44734231e-02 8.08293521e-02
  4.45741490e-02 1.97375640e-02 1.81762874e-02 8.57330859e-04
  2.17966945e-03 1.80539419e-03 9.45443637e-04 6.45934255e-04
  6.23611384e-04 5.95110992e-04 5.74233185e-04 9.00628744e-04
  9.00628744e-04 9.00628744e-04]
 [2.46508047e-02 1.10872425e-02 9.17238370e-03 5.89575954e-02
  5.07956743e-02 4.46706042e-02 1.47580151e-02 1.15661904e-01
  4.96828407e-02 1.63104504e-01 1.41437963e-01 5.06955720e-02
  9.50556993e-02 2.10168153e-01 2.08083719e-01 2.77854055e-01
  1.86952114e-01 4.18346957e-04]
 [1.50844995e-02 2.94690821e-02 2.24234089e-02 1.49115045e-02
  1.28293447e-02 7.88191855e-02 6.08832017e-03 1.17514841e-03
  7.75476627e-04 8.16353073e-04 9.87758162e-04 4.12618945e-04
  2.75021163e-03 2.45258980e-03 2.50310963e-03 3.82420083e-04
  3.43830354e-04 2.52208626e-03]
 [4.75294404e-02 4.58369702e-02 8.96167159e-02 2.89661139e-02
  3.27814859e-03 2.95453630e-02 3.69830616e-02 3.19197848e-02
  6.24640621e-02 1.41922399e-01 1.41276404e-01 5.17281890e-03
  5.66089805e-03 1.39494077e-03 8.84022273e-04 2.51451251e-03
  2.18657427e-03 1.62950804e-04]]
epoch:	10	rewards:	[[0.05336327 0.04288771 0.05049593 0.03654065 0.03205594 0.01129499
  0.06534705 0.00860457 0.01677651 0.01190516 0.01662934 0.00289314
  0.00424694 0.00577591 0.00599176 0.00590979 0.0075976  0.00906538]
 [0.05784798 0.04440855 0.06424002 0.07939899 0.0924921  0.13036124
  0.03434017 0.09313771 0.00729049 0.0042694  0.00573313 0.00648721
  0.00621346 0.00587913 0.00481706 0.00843511 0.00860301 0.01662618]
 [0.07618606 0.06185888 0.10524058 0.10970023 0.11677661 0.0523951
  0.07937957 0.09895464 0.09895464 0.09895464 0.09895464 0.09895464
  0.09895464 0.09895464 0.09895464 0.09895464 0.09895464 0.09895464]
 [0.12172592 0.09473935 0.02026737 0.09937202 0.08049794 0.0960017
  0.08425315 0.09355618 0.09895464 0.09589285 0.09895464 0.09895464
  0.09895464 0.09895464 0.09895464 0.09895464 0.09427224 0.09895464]
 [0.05257393 0.04721856 0.03486333 0.04076819 0.02935658 0.04153203
  0.00072951 0.00511148 0.00144003 0.00193977 0.00750306 0.00285689
  0.00304134 0.00304134 0.00304134 0.00304134 0.00304134 0.00304134]]
epoch:	15	rewards:	[[0.13616407 0.06775105 0.12449193 0.08717108 0.15238842 0.06551901
  0.06635647 0.14015369 0.13628517 0.01277585 0.00995539 0.00729066
  0.01213457 0.00401743 0.00529434 0.02216851 0.0115834  0.00397363]
 [0.09093714 0.05741884 0.04278751 0.03428799 0.05304922 0.03457775
  0.04130854 0.04389286 0.04389286 0.04389286 0.04389286 0.04389286
  0.04389286 0.04139115 0.04389286 0.04389286 0.04389286 0.04389286]
 [0.04865447 0.10085101 0.08602872 0.08618136 0.11039738 0.12091609
  0.08510534 0.12199596 0.12199596 0.11487985 0.12199596 0.12199596
  0.12199596 0.12199596 0.12199596 0.12199596 0.11500999 0.12199596]
 [0.06006812 0.02027362 0.09498991 0.03740681 0.08005493 0.11048862
  0.11048862 0.11048862 0.11048862 0.11048862 0.10460813 0.11048862
  0.11048862 0.11048862 0.10395114 0.11048862 0.11048862 0.11048862]
 [0.06994026 0.03823973 0.06402225 0.02989415 0.04595081 0.04660071
  0.10134818 0.03340237 0.22674294 0.06553602 0.11773688 0.12521236
  0.13999431 0.00939698 0.00296156 0.0099886  0.0099886  0.0099886 ]]
epoch:	20	rewards:	[[0.03347589 0.03090563 0.06882347 0.06207914 0.01102756 0.00416231
  0.01170845 0.07277508 0.07277508 0.07277508 0.07277508 0.07277508
  0.07277508 0.07277508 0.07277508 0.07277508 0.07277508 0.07277508]
 [0.09086458 0.05549478 0.0661878  0.11560474 0.00351747 0.00297122
  0.03171371 0.00358079 0.00537876 0.00481099 0.00400357 0.00976647
  0.01057699 0.01285865 0.00868954 0.01475462 0.01461788 0.00341433]
 [0.06168013 0.01059369 0.03573794 0.07944755 0.12103336 0.00635684
  0.01078665 0.00769543 0.00496806 0.01824674 0.01824674 0.01824674
  0.01824674 0.01824674 0.01824674 0.01824674 0.01824674 0.01824674]
 [0.06418963 0.06129136 0.0500114  0.11618492 0.06848484 0.1253736
  0.08279179 0.0988868  0.05342392 0.14850605 0.13086924 0.1768413
  0.15032819 0.24460593 0.17435426 0.294715   0.32278252 0.0017949 ]
 [0.06959144 0.02982444 0.08731535 0.06156877 0.11730915 0.1377492
  0.09038352 0.13877802 0.15805723 0.19817364 0.31079644 0.31079644
  0.31079644 0.29359394 0.31079644 0.31079644 0.2928244  0.31079644]]
epoch:	25	rewards:	[[1.11858666e-01 1.17258102e-01 4.80201840e-02 1.04405358e-02
  8.98117479e-03 5.71625605e-02 1.08629204e-02 5.95260737e-03
  5.53916628e-03 1.63944496e-03 6.68008532e-03 5.58272973e-02
  5.35226613e-02 5.71951754e-02 1.25603343e-03 5.88707742e-04
  5.88707742e-04 5.88707742e-04]
 [6.55774996e-02 3.37842777e-02 7.39298239e-02 1.88753933e-01
  8.31294134e-02 1.19582303e-01 1.19582303e-01 1.19582303e-01
  1.19582303e-01 1.19582303e-01 1.19582303e-01 1.15057237e-01
  1.19582303e-01 1.19582303e-01 1.19582303e-01 1.19582303e-01
  1.19582303e-01 1.19582303e-01]
 [1.18376702e-01 1.00033902e-01 7.88495168e-02 1.18956640e-01
  2.58845873e-02 1.19582303e-01 1.19582303e-01 1.19582303e-01
  1.19582303e-01 1.19582303e-01 1.19582303e-01 1.19582303e-01
  1.19582303e-01 1.19582303e-01 1.19582303e-01 1.19582303e-01
  1.19582303e-01 1.19582303e-01]
 [6.96061328e-02 9.42521766e-02 7.85743967e-02 4.05222923e-02
  5.95935173e-02 6.05831249e-03 3.59586105e-02 3.51227447e-02
  3.76509540e-02 7.16375858e-02 7.64092728e-02 3.58676091e-02
  3.59574370e-02 1.04001339e-03 9.81131918e-04 1.04001339e-03
  1.04001339e-03 1.04001339e-03]
 [4.79900762e-02 1.15102649e-01 3.06215435e-02 4.84256595e-02
  4.68996242e-02 6.56855926e-02 1.49457470e-01 4.36478760e-03
  3.26429284e-03 3.11160414e-03 4.05491516e-03 3.06866108e-03
  3.29878065e-03 2.57403270e-04 3.17612197e-04 3.53447191e-04
  1.64014986e-04 3.90582776e-04]]
epoch:	30	rewards:	[[7.1083896e-02 8.7399624e-02 2.3513746e-02 5.3877756e-04 4.1071910e-02
  9.4072480e-04 7.6196378e-04 6.0900487e-04 4.7862332e-04 1.4681029e-03
  2.8098130e-04 6.0197040e-02 1.4035149e-03 4.7222330e-04 5.1456742e-04
  6.3211675e-04 5.6623929e-04 1.9941774e-05]
 [1.2996060e-01 8.0293074e-02 2.2302674e-02 6.1276034e-02 6.5380916e-02
  5.9650138e-02 4.6785735e-02 9.3076147e-02 9.3076147e-02 9.3076147e-02
  9.3076147e-02 9.3076147e-02 9.3076147e-02 9.3076147e-02 8.7308899e-02
  9.3076147e-02 8.7287210e-02 9.3076147e-02]
 [3.4927223e-02 2.8940300e-02 3.9066244e-02 8.8909633e-02 7.1480609e-02
  5.2840672e-02 9.6269943e-02 9.3076147e-02 8.7308578e-02 9.3076147e-02
  9.3076147e-02 9.3076147e-02 9.3076147e-02 9.3076147e-02 8.7302253e-02
  9.3076147e-02 9.3076147e-02 9.3076147e-02]
 [7.8620717e-02 3.8783688e-02 4.5188174e-02 3.3763487e-02 4.7080096e-02
  5.2714314e-02 4.9364328e-02 1.5163901e-03 2.0911880e-03 6.0608513e-03
  5.0954400e-03 4.5560575e-03 4.5770039e-03 6.5390202e-03 7.0984582e-03
  5.5333576e-03 4.0416089e-03 8.0444384e-03]
 [5.1551949e-02 2.8353561e-02 1.1626059e-01 6.7472547e-02 8.3589450e-02
  1.8256956e-01 1.8256956e-01 1.9457263e-01 1.9457263e-01 1.9457263e-01
  1.9457263e-01 1.9457263e-01 1.8255849e-01 1.9457263e-01 1.9457263e-01
  1.9457263e-01 1.9457263e-01 1.9457263e-01]]
epoch:	35	rewards:	[[6.85754269e-02 5.38011119e-02 1.22582801e-02 1.10612899e-01
  1.58105776e-01 6.89221770e-02 6.47795945e-02 4.18852977e-02
  1.82586074e-01 1.23924424e-03 5.43805165e-03 9.35685704e-04
  1.13914802e-03 6.24611333e-04 7.94521475e-04 3.63969710e-04
  2.26336211e-04 1.17606694e-04]
 [8.06401223e-02 4.47500125e-02 6.44126758e-02 5.23981079e-03
  4.33488712e-02 2.31651403e-03 3.50281422e-04 1.46110705e-03
  9.18130681e-04 3.11178272e-04 1.43799710e-03 1.21522389e-01
  5.04914224e-02 5.40827513e-02 5.18690944e-02 5.90117008e-04
  2.92823371e-03 1.44012200e-04]
 [6.32703677e-02 3.78535278e-02 7.38637522e-02 8.73135850e-02
  1.20088346e-01 6.01745620e-02 3.96001786e-02 7.60070011e-02
  7.60070011e-02 7.60070011e-02 7.12992623e-02 7.60070011e-02
  7.29075670e-02 7.12923259e-02 7.60070011e-02 7.60070011e-02
  7.60070011e-02 7.60070011e-02]
 [6.69585541e-02 5.34860343e-02 8.34487081e-02 8.11606050e-02
  4.68841903e-02 1.81194409e-04 3.56169902e-02 7.12902173e-02
  1.07324496e-03 1.33172004e-03 2.58563436e-03 2.58563436e-03
  2.58563436e-03 2.58563436e-03 2.58563436e-03 2.58563436e-03
  2.58563436e-03 2.58563436e-03]
 [3.16045061e-02 6.62162974e-02 3.32299359e-02 3.36734354e-02
  1.23772658e-01 8.80047795e-04 7.18098134e-02 1.84589124e-04
  7.12996058e-04 2.04808937e-04 8.18922636e-05 6.62625011e-04
  5.33217448e-04 6.18112856e-04 5.72032703e-04 1.92281703e-04
  5.14878309e-04 7.54068373e-04]]
epoch:	40	rewards:	[[6.48800358e-02 1.00213476e-01 2.94017028e-02 1.27460703e-01
  1.40460029e-01 1.54896811e-01 9.45921987e-02 2.83939415e-04
  8.30807621e-05 9.62214472e-05 1.10404035e-04 4.38291812e-04
  2.54480471e-03 9.85158986e-05 1.05617961e-04 3.56088975e-04
  1.51131550e-04 4.40373242e-06]
 [6.83308989e-02 1.16914287e-01 1.23308107e-01 1.13946432e-02
  3.22038606e-02 5.80337532e-02 5.25989197e-03 1.07740739e-03
  5.81705682e-02 6.99173461e-06 2.22650942e-05 1.53752462e-05
  1.01750409e-02 5.12557337e-03 1.08278509e-04 5.08586271e-03
  1.10029550e-05 8.12623352e-02]
 [6.67806789e-02 5.24149984e-02 8.88097361e-02 3.85389812e-02
  9.75488126e-02 3.82023193e-02 1.11360773e-01 1.10718829e-03
  2.67608976e-03 2.14820448e-03 4.97822789e-03 6.98356563e-03
  4.07031178e-03 5.06067509e-03 4.95312363e-03 3.06725386e-04
  9.50533868e-05 7.80039102e-07]
 [9.75067243e-02 3.15639637e-02 5.83213242e-03 8.18009228e-02
  1.08938009e-01 9.24144220e-03 9.59424593e-04 9.67820306e-05
  7.01523968e-05 1.33611064e-03 1.25391211e-03 1.33611064e-03
  1.25402550e-03 1.25345262e-03 1.33611064e-03 1.33611064e-03
  1.33611064e-03 1.33611064e-03]
 [3.79778631e-02 3.37336697e-02 8.13801810e-02 5.46228923e-02
  1.14181764e-01 1.09826662e-01 1.35665759e-01 1.72839127e-03
  1.66575750e-03 1.65173842e-03 1.10625371e-03 2.63578934e-03
  2.63578934e-03 2.63578934e-03 2.63578934e-03 2.63578934e-03
  2.63578934e-03 2.63578934e-03]]
epoch:	45	rewards:	[[4.73376662e-02 8.13310593e-02 1.06638357e-01 5.10988906e-02
  3.46547887e-02 6.82907552e-02 3.43513750e-02 1.20734458e-03
  1.96116627e-03 3.93423997e-03 1.14619324e-03 6.94555463e-03
  5.85036026e-03 3.03463684e-03 7.84695055e-03 1.06272735e-02
  9.66796745e-03 1.54406726e-02]
 [1.04263276e-01 5.07477783e-02 5.10377996e-02 5.36847264e-02
  3.87709811e-02 4.48294869e-03 4.40340693e-04 3.06227934e-02
  5.40123656e-02 2.80033350e-02 2.68443618e-02 5.49275279e-02
  2.69274134e-02 1.02252823e-04 1.02252823e-04 1.02252823e-04
  1.02252823e-04 1.02252823e-04]
 [5.11050671e-02 1.78520661e-02 8.68010595e-02 8.83589238e-02
  1.14250951e-01 2.81684250e-01 3.00462574e-01 3.00462574e-01
  3.00462574e-01 3.00462574e-01 2.81720042e-01 3.00462574e-01
  3.00462574e-01 3.00462574e-01 3.00462574e-01 3.00462574e-01
  3.00462574e-01 3.00462574e-01]
 [5.20200916e-02 3.63418199e-02 5.97066283e-02 3.18254041e-03
  3.83899576e-04 2.25753174e-03 4.64879442e-03 5.97630453e-04
  2.83989590e-04 3.33681470e-04 3.52777803e-04 1.97120957e-04
  2.10319049e-05 3.87303473e-04 3.13334516e-04 5.02189388e-04
  1.09232562e-04 3.70554176e-07]
 [1.07081428e-01 6.16395809e-02 5.51519804e-02 4.15499769e-02
  8.05950016e-02 5.57964481e-03 4.30997312e-02 4.25271727e-02
  8.56585510e-04 4.55516949e-03 4.21066917e-02 8.48584920e-02
  9.45334614e-04 7.14293739e-04 7.14293739e-04 7.14293739e-04
  7.14293739e-04 7.14293739e-04]]
epoch:	49	rewards:	[[2.65947245e-02 6.18784428e-02 2.69485991e-02 4.06997614e-02
  1.38299512e-02 1.82839576e-03 2.22314222e-04 1.28952449e-03
  9.23562402e-05 4.75896150e-03 7.64070824e-03 4.77848989e-05
  7.56546651e-05 7.56546651e-05 7.10363020e-05 7.56546651e-05
  7.10135137e-05 7.56546651e-05]
 [4.18840498e-02 6.05056509e-02 2.11615562e-02 7.56502599e-02
  2.09074300e-02 1.86958478e-03 1.02541097e-01 2.81884279e-02
  1.11457007e-02 5.17361052e-02 1.01615995e-01 5.10403253e-02
  1.56243294e-01 1.40925418e-04 1.09059902e-05 1.09059902e-05
  1.09059902e-05 1.09059902e-05]
 [4.55919057e-02 3.29267420e-02 1.00398093e-01 1.22260205e-01
  3.63028832e-02 3.83053860e-03 2.84708664e-03 2.55416101e-03
  4.07786254e-04 5.89575560e-04 4.86828759e-03 2.64932984e-04
  2.85985949e-03 7.71011459e-04 2.54087290e-03 4.82672313e-03
  7.68743036e-03 1.53045596e-06]
 [5.46387881e-02 1.97680797e-02 2.16983445e-02 8.07912424e-02
  4.00760323e-02 1.18591793e-01 7.93134719e-02 9.12343210e-04
  7.51672313e-04 3.41167499e-04 4.78169502e-04 1.03440962e-03
  1.03440962e-03 1.03440962e-03 1.03440962e-03 1.03440962e-03
  1.03440962e-03 1.03440962e-03]
 [3.91368531e-02 5.75545169e-02 6.04822971e-02 9.84369367e-02
  2.47376263e-02 9.83850956e-02 7.89063275e-02 1.19564347e-01
  7.89279416e-02 8.57300824e-04 6.18627964e-05 2.58357268e-05
  1.92464850e-05 1.24038197e-05 4.23827187e-05 4.62454082e-05
  1.28706033e-05 5.65168466e-06]]
