1324 2600 1321 2600 1321 1321 1324 1321 1321 1321 1321 1321 1321 1321 1350 2200 1321 1321
1321 1321 1321 1321 1321 1321 1321 1321 1321 1321 1321 1321 1321 1321 1340 5200 1321 1321
1321 1321 1321 1321 1321 2500 1321 1321 1321 1321 1321 1321 1321 1321 1321 1321 1321 1321
1321 1321 1321 1321 1321 1321 1321 1321 1321 1321 1321 1321 1321 1324 1510 1321 1321 1321
1321 1321 1321 1321 1321 1321 1321 1321 1321 1321 1321 1321 1323 1321 1321 1321 1324 1322
1321 5600 1321 1321 1321 1400 1250 1510 1326 1321 1321 1321 1321 1321 1321 1321 1321 1321
1321 1321 1321 1321 1321 1321 1321 1321 1321 1326 5200 1600 1321 1321 1321 1321 1321 1321
1321 1321 1321 1321 1321 1324 1510 1140 1325 1325 1323 1321 1321 1321 1520 1325 1321 2500
1321 1321 1321 1321 1321 1321 1321 1321 1321 1321 1321 1321 1321 1321 1321 1321 1321 1321
1321 1321 1321 1321 1321 1321 1321 1321 1321 1321 1321 1321 1321 1321 5300 1340 1321 1321
1321 1400 1321 1321 1321 1321 1321 1321 1321 1321 1321 1321 1321 1321 1326 1321 1325 1321
1321 1321 1321 1321 1321 1321 1321 1321 1321 1321 1326 2600 1321 1321 1321 1310 1321 1321
1321 1321 1321 1321 1321 1321 1321 1321 1321 1321 1321 1321 1321 1340 1340 1321 1321 1321
1321 1321 1324 1600 1321 1321 1321 1321 1321 1321 1321 1321 1321 1321 1321 1321 1321 1321
1321 1321 1250 1150 1350 2500 1150 1350 2500 1321 1321 1321 1321 1321 1360 1510 2400 1321
1321 1321 1321 1321 1321 1321 1321 1321 1321 1321 1321 1321 1321 1321 1321 1321 1321 1324
1321 1321 1321 1326 1321 1321 1540 1322 1360 1310 1321 1321 1321 1321 1321 1321 1324 1600
1326 2500 1321 1321 1321 1321 1323 1321 1310 1340 1321 1321 1321 1321 1321 1321 1321 1321
1321 1321 1321 1321 1321 1321 1321 1321 1321 1321 1321 1321 1321 1321 1321 5600 1321 1321
1321 1321 1321 1321 1321 1321 1321 1321 1321 1321 1310 1322 1321 1321 1321 1321 1324 1540
1321 1321 1321 1321 1321 1321 1321 1400 1321 1321 1321 1321 1550 1321 1321 1321 5600 1321
1321 1321 1550 1321 1321 1321 1321 1340 1323 1321 1321 1321 1321 1321 1321 1321 1321 1321
1321 1321 6200 1350 1340 1321 1510 3193 1325 1325 1321 1321 1510 1310 2400 1321 1321 1321
1321 1321 1321 1321 1321 6200 1321 1310 2600 1321 1321 1321 1321 1321 1321 1321 1321 1321
1321 1321 1321 1321 1321 1321 1321 1321 1321 1400 1321 1321 6200 1321 1321 1321 1321 1321
1321 1321 1321 1321 1321 1321 1321 1321 1321 1321 1250 1600 1321 1321 1321 1321 1321 1321
1321 1321 1250 1321 1321 1325 1321 1310 1321 1321 1321 1321 1323 1321 1321 1321 1321 1310
1321 1321 1321 1321 1321 1321 6200 1321 1321 1324 4200 1321 1321 1321 1321 1321 6200 1600
1321 1321 1321 1321 1321 1321 1321 1321 1321 1321 1321 1250 1310 1600 1321 1321 1321 1321
1321 1321 1321 1321 6400 1321 1321 1321 1321 1321 1321 1321 1321 1321 1321 1321 1321 1326
1321 1321 1321 1550 1321 1321 6200 1360 1321 1321 1321 1310 1310 1340 1340 2600 1321 1321
1321 1321 1321 1321 1321 6200 1321 1321 1321 1321 1321 1321 1340 1325 1550 1321 1321 1321
1321 1321 1321 1321 1321 1321 1321 1550 1321 1321 1321 1326 1325 5200 1325 2400 1321 1321
1321 1321 1321 1321 1321 1321 1321 1321 1321 1321 1360 1321 1510 1340 1540 2400 1321 1321
1321 1321 1321 1321 1321 1321 1321 1321 1321 1321 1321 5600 1321 1321 1321 1321 1321 1321
1321 1321 6200 1400 1326 1321 1321 1321 1321 1321 1321 1321 1321 1321 1321 6200 1321 1321
1321 1321 1321 1321 1321 1321 1321 1321 1321 1321 1321 1321 1321 1321 1326 1321 1321 1321
1321 1321 1340 1321 1321 1321 1321 2200 1360 1321 5200 1326 1321 1325 1600 1321 1321 1321
1321 1321 1321 1321 1321 1321 1321 1321 1321 1321 1321 1321 1321 1321 1400 1321 1321 1321
1321 1321 1321 1321 1400 1321 1326 1321 1350 1321 1321 1321 1321 1322 1310 1326 1321 1326
1326 1321 1321 1321 1550 1321 1321 1321 1321 1321 1321 1321 1321 1321 1321 1321 1310 1340
1321 1321 1321 1321 1321 1321 1321 1321 1321 1321 1321 1321 1326 1321 1321 1321 1321 1321
1322 1321 1321 1310 1321 1321 1321 1321 1321 1321 1550 1321 1321 1321 1321 1321 1321 1321
5300 1133 4200 1321 1321 1321 1321 1321 1321 1321 1321 6200 1321 1321 1321 6200 1321 1321
1510 2315 1323 1321 6400 1321 1321 1326 1323 1321 1321 1321 1321 1321 1321 1321 1321 1321
1321 1321 1324 1310 1340 1321 1520 5200 1323 1321 1321 1321 1321 1321 1323 1321 1321 1321
1321 1321 1321 1321 1321 1321 1321 5600 1321 1321 1321 1321 1321 1321 1321 1321 1321 1321
1321 1321 1321 1321 1326 1321 1321 1150 1540 1325 2400 1321 1321 1321 1321 1400 2200 1321
1321 1321 1321 1321 1321 1326 1321 1321 1321 1321 1321 1321 1321 1321 1321 1321 1360 1340
1321 1321 1321 1321 1340 1520 2400 1321 1321 1321 1321 1321 1321 5300 1321 1321 1324 1600
1321 1330 1321 2600 1321 1321 1321 1321 1326 1325 4200 1321 1321 1321 1321 1321 1321 1321
1321 1321 1321 1321 1321 1321 1321 1321 1321 1321 1321 1321 2600 1321 1321 1321 1321 1321
2600 1321 1321 1321 1321 1321 1321 1321 1310 6200 1330 1321 1321 1321 1321 1321 1321 5600
1321 1321 6200 1321 1321 1321 1321 1321 1321 1321 5600 1321 1321 1321 1321 1326 1321 1321
1321 1321 1321 1321 1321 1321 1321 1321 1321 1321 1321 1321 1321 1321 1321 1321 1321 1321
1321 1321 1321 6200 1310 1600 1321 1321 1321 1321 1321 1321 1321 1321 1321 1321 1321 1321
1321 1321 1321 1321 1321 1321 1321 6200 1321 1321 1321 1321 1321 1321 1321 1321 1321 1321
1321 1321 1321 1321 1321 1321 1321 1321 1321 1321 1321 1321 1321 1321 1321 1321 1321 1321
1321 1326 1321 1321 1321 4200 1321 1321 1321 1321 1321 1321 1321 1321 1321 1321 1321 1321
6200 1321 1400 1321 1321 1360 1321 1321 1321 1326 1321 1321 1321 1321 1321 1321 1321 1321
1321 1321 1321 1321 1321 1321 1321 1321 1600 1321 1321 1321 1321 1400 1321 1321 1326 1321
1321 1321 1321 1321 1321 1321 1321 1321 1321 1321 1321 1321 1321 1321 1321 1321 1321 1324
1321 1321 1321 1321 1321 1310 1321 1321 1321 1321 1321 1550 1321 1321 1321 1321 1326 1340
1321 1321 1550 1321 2600 1321 1321 1321 5300 1321 1321 1321 1321 1321 1321 1325 1321 1321
1323 1321 1321 1321 1321 1321 1321 1321 1360 1321 1321 1321 1321 1321 1321 1340 1323 1321
1321 1321 1321 1321 1321 1321 1321 1321 1321 1321 1321 1321 1321 1321 1321 1321 1321 1321
1321 1321 2200 1550 1321 1321 1321 1321 1321 1321 1321 1550 1321 1321 1321 1321 1321 1321
1321 1321 1326 1326 1325 1321 1340 1323 1321 1321 1321 1321 6200 1321 1321 1326 1321 1321
1321 1321 1321 1321 1321 1321 1321 1321 1321 1321 1321 1321 1321 1321 1550 1321 1324 1340
1321 1321 1324 1322 1326 1321 1600 1321 1321 1340 5200 1325 2500 1321 1321 1150 1340 1321
1321 1321 1321 1321 1321 1321 1321 1321 1321 1321 1321 1321 1321 1321 1321 1321 1321 1321
1321 1520 1350 6200 1321 1321 1323 1321 1321 1321 1321 1321 1321 1321 1321 1321 1321 1324
1321 1321 1321 1321 1321 1321 1326 1321 1321 1321 2200 4200 1321 1321 1321 1321 1321 1321
1321 1321 1321 1321 1321 1321 1321 1321 5600 1321 1321 1321 1321 1321 1400 1321 1321 1321
1321 1321 1321 1321 1321 1321 1321 1321 1321 1321 1321 1321 1323 1321 1321 1321 1321 1321
1321 1321 1321 1321 1321 1310 1321 1321 1321 1321 1321 1321 1321 1321 1310 1321 1340 1323
1321 1321 1321 1321 1321 1321 1321 1321 1321 1321 1321 1321 5600 1321 1321 1321 1321 1321
1340 1510 1550 1321 1321 1321 1321 1321 1250 1325 2400 1321 1321 1321 1340 1510 1550 1550
1321 1321 1321 1321 1321 1321 1321 1321 1321 1321 1321 1321 1321 1321 1321 1321 1321 1321
1322 1321 1340 1322 1321 1321 1340 1600 4200 1321 1321 1321 1321 1321 1321 1321 1321 1321
1321 1321 1321 1321 1321 1321 1321 1321 1321 1321 1321 1321 1321 1321 1321 1321 1321 1321
1321 1321 1321 1321 1321 1321 1321 1321 1321 1321 1321 1321 1321 1321 1324 1540 1322 1321
1321 1321 1321 1321 1321 1321 6200 1321 1321 1321 1321 1321 1321 1321 1321 1321 1360 6400
1321 1321 1321 1321 1321 1321 1321 1321 1324 1340 1322 1321 1326 1321 1321 1323 1321 1321
1321 1321 1321 1321 1321 1321 1321 1321 1326 1321 1520 2400 1321 1321 1321 1321 1321 1321
1321 1321 1321 1321 1321 1321 1340 1322 1321 1321 1321 1321 1321 1321 1321 1321 1321 1321
1321 1321 1321 1321 1321 1321 1321 1330 1321 1340 1323 1325 1540 1150 1350 1600 1321 1321
1340 1325 1321 1350 1140 1321 1150 1350 1326 1340 1321 1323 1321 1400 1321 1321 1321 1321
1321 1321 1321 1321 1321 1321 1321 2200 1321 1321 1326 1321 1400 1321 1321 1326 1321 6200
1321 1321 1321 1321 1321 5600 1321 6400 1340 1310 1340 1325 1323 1321 1321 1326 1323 1321
1321 1321 1321 1321 1321 1321 1321 1321 1321 1321 1321 1321 1321 1321 6200 1321 1321 1326
1321 1321 6200 1321 1321 1321 1321 1321 1321 1321 1321 1321 1321 1321 1550 1321 1321 1321
1321 1321 1321 1321 1321 1321 6200 1321 1321 1321 1321 1321 1321 1321 1321 1321 1321 1321
1321 1321 1321 1321 1321 1321 1321 1321 1321 1321 1321 1321 1321 1321 1321 1321 1321 1321
1250 1540 1510 5167 1510 5817 1324 1321 1321 1321 1321 1323 1321 2600 1360 1321 1321 1321
1321 1321 1325 1340 1325 1360 1340 1321 1321 1321 1325 5200 1325 2500 1321 1321 1321 1321
5600 1321 1321 1321 2200 1321 1321 1321 1321 1321 1321 1321 1321 1321 1321 1321 1321 1321
1321 1321 1326 1321 1321 1321 1321 1340 1340 4200 1321 1321 1321 1321 1321 1250 1310 6400
1321 1321 1321 1321 1321 1321 2200 1321 1321 1321 1321 1321 1321 1321 1321 1321 1321 1321
1321 1321 1321 1321 1321 1321 1321 1321 1321 1321 1321 1321 5600 1321 1321 1321 1321 1340
1321 1321 1321 1321 1321 1321 1321 1321 1321 1321 1321 1321 1321 1340 2600 1321 1321 1340
1321 1250 1321 1321 1325 1323 1321 1321 1321 1321 1321 1321 6200 1321 1321 1321 1321 1321
1321 1250 1600 1321 1321 1321 1321 1321 1321 1321 1321 1321 2600 1321 1321 5300 1340 1321
1321 1321 1321 1321 1321 1321 1321 1321 1321 1321 1321 1321 1321 1321 1321 1360 1321 1321
1324 1540 2400 1321 1321 1150 1350 1400 1321 1321 1321 1321 1321 1321 1321 1321 1321 1321
1321 1321 1321 1321 1321 1321 1321 1321 1321 1324 1321 1325 1340 1321 1321 1321 1321 1321
1326 1321 1321 1321 1321 1321 1321 1340 1321 1321 1321 1321 1321 6400 1321 1321 2200 1326
1321 1321 1321 1321 1321 1321 1324 1321 1321 1321 1321 1321 1321 1321 1321 1321 1321 1321
1321 1321 1321 1321 1321 1321 1321 1321 1321 1321 1321 1323 1321 1321 1321 1321 1321 1321
1321 1321 1321 1321 1321 1321 1321 1321 1321 1321 1326 1360 1326 1321 1321 1321 1321 1321
1321 1326 1321 1322 1321 1321 2200 1360 1321 1321 1321 1321 6200 1321 1321 1321 1321 1321
6200 1321 1321 1321 1321 1321 1310 1340 1600 1321 1321 1321 1321 1321 2600 1321 1350 1325
1321 1321 1321 1321 1321 1321 1321 1321 1321 5600 1321 1321 1321 1321 1400 1321 1321 1321
1340 1326 1321 1321 1321 1321 1321 1321 1321 1321 1321 1321 1321 1321 1321 1321 1321 1321
1321 1321 1321 1321 1321 1321 1321 1321 1321 1321 1321 1321 1321 1321 1324 1322 1321 1321
1321 1321 1321 1321 1321 1321 1321 1350 1321 1510 1350 1340 1510 4200 1321 1321 1321 1321
1321 1321 1321 1321 1321 1321 1310 1324 5200 2200 1325 1520 1350 1326 1321 1321 1326 1322
1321 1321 1321 1321 1321 1321 1321 1321 1321 1321 1321 1321 1321 1321 1321 1321 1321 1321
1321 1310 1250 1340 1323 1321 1323 1321 1321 1326 1323 1321 1321 1321 1321 1321 1321 1321
1321 1326 1321 1321 1321 1550 1321 1321 1321 1321 1321 1324 2400 6200 1340 1323 1321 1321
1321 1321 1321 1321 1321 1321 1321 1550 1321 1321 1321 1321 1321 1321 1321 1321 6200 1340
1321 1321 1321 1321 1321 2200 1360 1321 1321 1321 1321 1321 1321 1321 1321 1321 1321 1321
1550 1321 1321 1140 1310 1310 1321 1321 1321 1321 1321 1321 5300 1400 1321 1321 1321 1321
1321 1321 1321 1321 1321 1324 1140 1325 2500 2500 1325 1600 1321 1321 1321 1321 1340 1323
1321 1321 1321 1340 1323 1321 1321 1321 1310 1321 1321 1321 1321 1321 1321 5600 1321 1321
1321 1321 1321 1360 2600 1321 1340 1310 1321 1321 1321 1321 1321 1321 1321 1326 1321 1321
1321 1321 1321 1321 1321 1321 1250 1360 1140 1323 1321 1325 2600 1321 1321 1321 1321 1330
1350 1360 2400 1321 1321 1321 1321 1321 1321 1324 2400 1321 1321 1321 1321 1326 1321 1321
1321 1321 1321 1321 1321 1321 1321 1321 1321 1321 1321 1321 1321 1321 1321 1321 1321 1321
1321 1321 1321 1321 1321 1340 1325 1321 1321 1323 1321 1321 1321 1321 1321 1326 1321 1321
1321 1321 1321 1360 1321 2200 1321 1321 1321 1321 1321 1321 5300 1330 1360 2200 1321 1321
1321 1321 1321 1550 1321 1326 6400 1321 1550 1321 1321 1321 1321 1321 1321 1321 1321 1321
1321 1321 1321 1321 1310 1321 1325 1400 1321 5600 1321 1321 1321 1321 1321 1321 1321 1321
1321 1321 1321 1321 1321 1324 1600 1321 1322 1321 1321 1321 1321 1321 1321 1321 1321 1321
1321 1321 1321 1321 1321 1321 1321 1321 1321 1321 1321 1321 6200 1321 1321 1321 1321 1321
6200 1321 1324 1540 2400 1321 1321 1360 1360 1321 1321 1321 1321 1321 1321 1321 1321 1321
1321 1321 1321 1321 1321 6400 1150 1350 1326 1321 1321 1321 1321 1321 1323 1325 1340 1340
1321 1321 1321 1321 1360 1310 1324 1340 1321 1321 1321 1510 1350 1321 1321 1321 1321 1140
1321 1321 1321 1321 1321 1321 1321 1321 1321 1321 1321 1321 1321 5300 1321 1321 1321 1321
1321 1321 1321 1321 1321 1321 1321 1340 1510 1322 1325 1325 1323 1321 1326 1325 1600 1321
1321 1321 1321 1321 1321 1321 1321 5600 1321 1321 1321 1340 1326 1321 1360 1360 1510 1350
1326 1321 1321 1321 1321 1321 6200 1324 1323 1321 1321 1321 1321 1321 1321 1550 1321 1550
1321 1321 1321 1321 1321 1324 1325 1321 1321 1321 1150 1350 1323 1321 1550 1321 1321 1321
1321 1321 1321 1321 1321 1321 1321 1321 1326 1321 1321 1321 1321 1321 1321 1321 1321 1321
1250 1510 1326 1321 1321 1321 1321 1321 1321 1360 1321 1321 1140 1510 4200 1321 1340 1321
1321 1321 1324 1325 1321 1321 1323 1321 1321 1321 1321 1321 1321 1321 1321 1321 1323 1321
1321 1321 1321 1321 1250 1321 1321 1321 1326 1321 1325 1321 1325 1326 1150 1350 1321 1325
1321 1321 1140 1321 1321 1321 1321 1321 1321 1321 1321 1321 1321 1321 1326 1321 1325 1323
1321 1321 1321 6200 1360 1321 1321 5200 1321 1321 1321 1321 1321 1321 1321 1321 1321 1321
1321 1321 1321 1321 1321 1321 1321 1321 1321 1326 1326 1321 2500 1321 1325 1510 1350 1321
1321 1321 1321 1321 1321 1321 1321 1321 1321 1321 1321 1326 1321 1321 1325 1321 1321 1321
1321 1321 1321 1321 1321 1321 1321 1321 1321 1321 1550 1310 1321 1321 1350 1510 1322 1321
5300 1451 1321 1321 1321 1321 1321 1330 1360 1321 1321 1326 1321 1321 1321 1321 1321 1321
1321 1321 1324 1325 1325 1350 1325 1321 1325 1321 1321 1325 1326 1321 1321 1321 5200 1321
6200 1321 1321 1321 1321 1321 1321 1321 1321 1321 1321 1360 1321 1321 1321 1321 1321 1321
1321 1321 6400 1321 1321 1321 1321 1321 1321 1321 1321 1321 1321 1321 1321 1321 1321 1321
1321 1321 1321 1321 1321 1321 1321 1321 1321 1321 1321 1321 1321 1321 1321 6200 6400 1321
1321 1321 1321 1321 1321 1321 1321 1321 1321 1321 1321 1321 1321 1321 1550 1321 1321 1321
1321 1321 1321 1321 1321 1321 1321 1321 1321 1360 1321 1321 1321 1321 1321 1326 1322 1321
1321 1321 1321 1321 1321 1326 1321 5200 1321 1321 1321 1321 1321 1350 1520 1322 1321 1321
1321 1321 1321 1321 1321 1321 1321 1360 1326 1321 1321 2600 1321 1321 1321 1321 1321 1321
1321 1321 1321 1321 1321 1321 1321 1321 1321 1321 1321 1321 1321 1321 1321 1321 1321 1360
1321 1321 1321 1321 1321 1321 1321 1326 1321 1321 1321 1321 1321 1321 1310 1510 1310 1340
1321 1321 1321 2200 1321 1321 1321 1321 1321 1321 1550 1360 1321 1321 1310 1321 1321 1321
1321 1321 1324 2500 1321 1321 1323 1321 1321 1321 1326 1321 1321 1325 1520 1322 1321 1321
1321 1321 1321 1321 1321 1321 1321 1321 1510 1350 1326 1321 1321 5200 1325 1600 1321 1321
1321 1321 6200 6400 1321 1340 1321 1322 1321 1321 1340 1510 1350 1321 1321 1321 1321 1321
1321 1321 1321 6200 1321 1321 1321 1321 1321 1321 1321 1326 1321 1321 2600 1321 1321 1321
1321 1321 1321 1321 1321 1321 1321 1321 1321 1321 1321 1321 1321 1321 1321 1321 1250 1323
1321 1321 1321 1321 1321 1321 1321 1321 1321 1321 1321 1321 1321 1321 1321 1321 1321 1321
1321 1321 1321 1321 1321 1321 1321 1360 1510 6400 1321 1321 1321 1321 1600 1321 1321 1321
1321 1321 1321 1321 1321 1321 1321 1321 1321 1321 1321 1326 1322 1321 1321 1321 1321 1321
1400 1321 1321 1321 1321 1321 1321 1321 6400 1321 1321 6400 1321 1321 1321 1321 1321 1321
1321 1321 1321 1550 1321 1321 1321 1321 1321 1321 1321 1321 1321 1321 1321 1321 1321 1321
1326 1321 1325 1540 4200 1321 1321 1250 1340 1600 1321 1321 1321 1321 6200 1321 1321 1321
1321 1321 1321 1321 1324 1340 1340 6400 1321 1321 1321 1321 1321 1321 6200 1321 1321 2600
1324 1323 1321 1321 1321 1321 1310 1310 1321 1321 1321 2200 1340 1321 1323 1321 1324 1540
1321 1321 1321 1321 1321 1321 1326 1321 1321 1321 1321 1321 1321 1321 1326 1321 1321 1321
1326 1321 1321 1321 1321 1321 1321 1321 1321 1321 1321 1321 1321 1321 1321 1321 1321 6400
1321 1321 1321 1321 1321 1321 1321 1321 6200 1322 1321 1321 1321 1321 1321 1321 1321 1322
1321 1321 1321 1321 2600 1321 1321 1321 1321 1321 1321 1321 1321 1321 1321 1321 1321 1324
5600 1324 1600 1321 1321 1321 1321 1321 1321 1321 1321 1321 1321 1321 1321 1400 1321 1340
1321 1150 1350 5300 1510 544 1429 2500 1321 1321 1321 1321 1321 1321 1321 1310 1321 1321
1321 1321 1321 1321 1323 1321 1321 1321 1321 1340 1323 1321 1321 1321 1321 1326 1321 1321
1321 1321 1321 1321 1321 1321 1321 1321 1321 1321 1321 1321 1321 1321 1321 1321 1321 1321
1321 1321 1321 1321 1321 1321 1321 1321 1321 1321 1321 1321 1321 1321 1321 1321 1321 1321
1321 1321 1321 1360 6200 1600 1321 1321 1321 1321 1321 1321 1321 1321 1321 1321 1550 1321
1321 1321 1321 1321 1321 1321 1321 1326 1321 1321 1321 1321 1321 1321 1321 1321 1321 1321
1321 1321 1321 1321 1321 1321 1326 1321 1326 1321 1321 1321 1325 1510 1350 4200 1321 1321
1321 1321 1321 1321 1321 6200 1321 1321 1321 1321 1321 1321 1321 1321 1321 1321 1321 1321
1321 1321 1321 1321 1321 1321 1321 1321 1321 1321 1321 1321 1321 1321 1321 1321 1321 1321
1321 1321 1321 1321 1321 1321 1324 1520 1322 4200 1321 1321 1321 1321 1321 1321 1321 1321
1321 1321 1321 1321 1321 1321 1321 1321 1321 1322 1321 1321 1321 1321 1321 1321 1321 1321
1321 1321 1321 1321 1321 1321 1321 1321 1321 1321 1321 1321 1321 1321 1321 1250 1323 1321
1321 1321 1321 1321 1321 1321 1321 1321 1321 1321 1326 2600 1321 1321 1321 2200 1321 1321
6400 1340 1323 1321 1321 1321 1321 1321 1321 1321 1321 1321 1321 1321 1321 1321 1321 1321
1321 1321 1321 1321 1321 1321 1324 1322 1321 1321 1321 1321 1321 1321 1326 1321 1321 1321
1321 1321 1321 1321 1321 1321 1321 1321 1321 1321 1321 2200 1321 1360 1321 5600 1321 1321
1321 1321 1321 1321 1360 1600 1321 1321 1321 1321 1250 1600 1321 1321 1321 1321 1321 1310
1321 1321 1321 1321 1321 1321 1321 1321 1321 1321 1321 1321 1550 1321 1321 1321 1321 1321
1321 1321 1321 1321 1321 1321 1321 1321 1310 1321 1321 1321 1321 1321 1321 1321 1321 1360
1321 1321 1321 1321 1321 1321 1321 1321 1321 1321 1321 1321 1321 2600 1321 1321 1321 1322
1321 1321 1321 1321 1321 1321 1321 1321 1321 1321 1321 1321 1321 1321 1321 1321 1321 1321
1321 1321 6400 1321 1321 1321 1330 1321 1321 1321 1321 1321 1321 1350 1321 1321 1321 1322
1321 1321 1321 1321 1321 1340 1325 1321 1321 5200 2600 1321 1321 1321 1321 1321 1321 1321
1321 1321 1321 1321 1321 6200 1350 1510 1350 1350 1540 1322 1321 1321 1321 1321 1321 1321
1321 1321 1321 1321 1321 1321 1321 1321 1321 1321 1321 1321 1321 1321 1321 1310 2600 1321
1321 1321 1321 1321 1321 1321 1321 1321 1321 1321 1321 1321 1321 5300 1340 1321 1321 1600
1321 1321 1321 1321 1321 1321 1321 1321 1321 1321 1321 1321 1321 1321 1321 1321 1321 1321
1550 1321 1321 1321 1321 1321 1321 1324 1340 1360 1325 1321 1321 1321 1323 1321 1340 1323
1321 1321 1324 1540 1323 1321 1321 1321 1321 1321 1321 1321 1321 1321 1321 1321 1321 1321
1321 1321 1321 1321 1321 1321 1321 1321 1321 1321 1321 1321 1321 1321 1321 1321 1321 5600
1321 1321 1321 6200 1321 1321 1321 1324 1510 1310 1330 1600 1321 1321 1321 6200 1321 1321
1321 1321 1321 1321 1321 1321 1310 1321 1321 1321 1310 1340 1321 1321 1321 1321 1321 1321
1321 1321 1321 1321 1321 1321 1321 1321 1321 1321 1321 1321 1321 1321 1321 1321 1321 1321
1321 1321 1321 1321 1321 1321 1321 1321 1360 1326 1510 1322 1321 1321 1321 1321 1321 1321
1325 1324 1326 1321 5300 1600 1321 1321 1321 1321 1321 1321 1340 1510 1310 1600 1321 5600
1321 1321 1321 1321 1321 1321 1321 1321 1321 6200 1340 1323 1321 1321 1321 1321 1321 1321
1321 1321 1321 1321 1321 1321 1321 1321 1321 1321 1321 1321 1321 1321 1321 1321 1321 1321
1321 1321 1321 1321 1321 1330 1321 1321 1321 1321 1321 1321 1321 1321 1321 1321 1321 1321
1321 1321 1321 1321 1321 1321 1321 1321 1324 1325 1325 1325 1550 1321 1321 1321 1321 1321
1321 1321 1321 1321 1321 1321 1321 6200 1321 1321 1321 1321 1321 1550 1321 1321 1321 1321
1321 1321 1321 1321 1322 1321 1321 1321 1321 1321 1321 1321 1321 1321 1321 1321 1321 1321
1321 1321 1321 1321 1350 1600 1321 1321 1321 1321 1321 1321 1321 1321 1321 1321 1321 1321
1321 1321 1321 1400 1321 1321 6200 1321 1321 1321 1310 1321 1321 1321 1321 1321 1321 1321
1321 1321 1321 1321 1321 1321 1321 1321 1321 1321 1321 1321 1321 1321 1321 1321 1321 1321
1321 6400 1321 1321 1321 1321 1321 1321 2600 1321 1250 1321 1150 1350 2600 1321 1321 5300
1321 1321 1321 1321 1340 1325 1310 1321 1321 1321 1321 1325 1321 1510 1324 1322 1321 1321
1326 1321 1321 1321 1321 1326 1321 1321 1326 1321 1325 1325 5200 1510 1360 1340 1321 1321
6400 1321 1321 1321 1321 1321 1323 1321 1321 1325 1360 1321 1321 1321 1321 1321 1321 1321
1321 1321 1321 1321 1321 1321 1321 1321 1321 1326 1321 1321 1340 2400 1321 1321 1321 6200
1321 1321 1321 1321 1321 1321 1321 1321 1321 1310 1321 1321 1321 1321 1321 1321 1321 1321
1321 1321 1321 1310 1321 1324 1326 1321 1321 1321 5200 1321 1326 1321 1321 1321 1325 1323
1600 1321 1321 1321 1321 1321 1321 1321 1321 1321 1321 1321 1321 1321 1321 1321 1321 1321
1321 1321 1321 1321 1321 1321 1310 1340 1323 1321 1321 1321 1321 1550 1321 1321 1321 1321
1321 1340 1510 1310 2600 1400 1321 1321 1321 1321 1321 1321 1321 1321 1321 1321 1321 1321
1321 1321 1321 1321 1321 1321 1321 1321 1321 1321 1321 1321 1321 1321 1321 1321 1340 2400
1321 1321 1321 1321 1321 1321 1324 1321 1321 1321 5300 1323 1321 1321 1321 1321 1321 1321
1321 2200 1321 1321 1321 1321 1321 1321 1310 1321 1321 1321 1321 1321 1321 1321 1321 1321
1321 1321 1326 1326 1325 1321 1321 1325 1325 5200 1325 2400 1321 1321 1321 1321 1321 1324
1321 5600 1321 6400 1321 1321 1340 1321 1321 1321 1510 1140 2400 1350 1322 1321 1321 1321
1321 1321 1321 1324 1540 2500 2500 1321 1321 1323 1321 1321 1323 1321 1321 1321 1321 1321
1321 1321 1321 1321 1321 1321 6200 1360 1321 1321 1310 2600 1321 1321 1321 1321 1550 1321
1321 1321 1321 1310 1340 1321 1321 1321 1323 1321 1321 1324 1520 2400 1321 1321 1321 1321
1321 1321 1321 1321 1321 1321 1321 1321 1321 1321 1321 1321 6400 1321 1321 1321 1321 1321
1321 1321 1321 1321 1321 1321 1321 1321 1321 1321 1321 1321 1321 1321 1326 1321 1321 1321
1321 1321 1321 1321 1321 1321 1321 1321 1321 1321 1321 1310 1310 1321 1321 1321 1321 1321
1321 1321 1321 1321 1321 1321 1326 1321 1321 2600 1321 1321 1321 1321 1321 1321 1321 1321
1321 1321 1321 1321 1326 1321 1321 1321 1321 1321 1321 1321 1321 1321 1321 1321 1321 1360
1360 1350 1321 1540 2400 1321 1321 6200 1321 1321 1321 1321 1321 1321 1321 1360 1321 1326
1321 1321 1321 1321 1321 1321 1321 1321 1321 1321 1321 1321 1310 6400 1321 1321 1321 1321
1321 1321 1321 1321 1321 1324 1310 1321 1321 1321 1321 1321 1321 1321 1321 1321 1321 1321
1321 1321 1321 1321 1321 1321 1321 1321 1321 1550 1321 1321 1321 1321 1321 2600 1321 1321
1321 1321 1321 1321 1321 1321 2200 1310 1321 1321 1321 1340 1322 1321 1321 1321 1321 1321
1321 1321 1321 1321 1321 1321 1321 1360 1340 1325 1360 1321 1325 1321 1321 2400 1321 1321
1321 1321 1360 6200 1321 1321 1321 1321 1321 1550 1321 1321 1321 1321 1321 1321 1321 1310
1321 1321 1321 1321 1321 1321 1321 1321 1321 1321 1321 1321 1340 1325 1321 1321 1150 1350
1321 1321 1321 1321 1321 1321 1321 1321 1321 1325 1325 1250 1510 1323 1321 1520 1350 1321
1321 1321 1321 1321 1326 1321 1321 1321 1321 1321 1321 1321 1321 1321 1321 1321 1321 1321
1321 1321 1321 1321 1321 1321 1321 1321 1321 1321 1340 2400 1321 1321 1321 1321 1321 1321
1321 1321 1321 1321 1321 1310 1340 1321 1321 1150 1326 1321 2500 1321 1321 2600 5200 1321
1321 1321 1321 1321 1321 1321 1321 1324 1600 1326 1321 1321 1600 1321 1321 1321 1321 6200
1321 1321 1321 1321 1321 1321 1321 1321 1321 1321 1321 1321 1321 1321 1321 1321 1321 1321
1321 1321 1321 1321 1321 1321 1326 1321 1321 1321 1321 1321 1321 1321 1321 1321 1400 1340
1340 1325 2600 1321 1321 1321 1325 1600 1321 1321 1321 1321 1321 1321 1321 1321 1321 1321
1321 1321 1321 1324 5200 1321 1321 1321 1326 1321 1321 1350 1321 1321 1321 1324 1321 1321
1326 1325 1326 1360 1322 1321 1321 1324 1322 1321 1321 1321 1321 1321 1325 1326 2500 1321
1321 1321 1321 1321 1321 1321 1321 1321 1321 1321 6400 1321 1321 1321 1321 1321 1321 1321
1321 1321 1321 1321 1321 1330 1321 1400 1321 1321 1321 1360 1321 1550 1321 1321 1321 1321
1321 1321 1321 1321 1321 1321 1324 1600 1321 1321 1321 1321 1321 1321 1321 1360 1321 1321
1325 1540 1540 4200 1321 1321 1321 1321 1321 1321 1321 1321 1321 1321 1321 1321 1321 1321
1321 1321 1321 1321 1321 1321 1321 1321 5300 1324 1323 1321 1321 1321 1321 1321 1321 1321
1321 1321 1321 1321 1321 1321 1321 1321 1321 1321 1321 1321 1321 1321 1321 1321 1321 5600
1321 1321 1321 1321 1310 1340 2500 5200 1322 1321 1321 1321 1321 1321 1321 1510 1540 2500
1321 1321 1340 1540 1350 1323 1321 1310 1321 5300 1510 5882 4200 1321 1324 5200 1326 1321
1321 1321 1321 1321 1321 1321 1321 1321 1321 1321 1321 1321 1321 1321 1321 1321 1321 1321
1321 1321 1321 1340 1321 1326 1321 1140 1321 1321 1321 1325 1510 1322 1321 6200 1350 1321
1321 1321 1324 1310 1323 1326 1321 1321 1321 1321 1321 1321 1321 1321 1321 1321 1326 1321
1321 1321 1310 1321 1321 1321 1321 1321 1321 1321 1321 1321 1321 1324 1323 1321 1321 1321
1324 5200 1321 1321 1326 1321 2400 1321 1321 1321 1321 1321 1321 1321 1321 1321 1321 1321
1321 1321 1321 1321 1321 1321 1321 6200 1321 1321 1321 1321 1321 1321 1321 2200 1321 1321
1321 1321 1321 1321 1321 1321 1321 1321 1321 1321 1323 1321 1321 1321 1326 1323 1321 1321
1321 1340 1520 2400 1321 1321 1321 1321 1321 1321 1321 1321 1321 1321 2600 1321 1321 1321
6400 1321 1321 1321 1321 1321 1321 1321 1321 1321 1321 1321 1321 1321 1321 1321 1321 1321
1321 1321 6200 1321 1321 1321 1321 1321 1321 1321 1321 1321 1321 1321 1321 1321 1321 1321
1324 1321 1321 1321 1321 1321 1321 1321 1321 1321 1321 1321 1321 1321 1321 1321 2600 1321
1321 1321 1400 1321 1321 1321 1321 1321 1321 1321 1326 1321 1321 1322 1321 1321 1321 1310
1321 1321 1321 1321 1321 6200 1321 1321 1321 1321 1321 1321 1321 1321 1324 1323 1321 1321
1321 1321 1321 1321 1321 1321 1321 1321 1321 1321 1324 1325 1321 1321 1321 1321 1321 1140
1321 1321 1321 1321 1321 1321 1321 1321 1321 1321 1321 1321 1321 1321 1321 1321 1321 1321
1321 1321 1321 1321 1321 1321 1321 1321 1321 1321 1360 1324 1323 1321 1321 1321 1321 1321
1321 1321 1321 1321 1321 1321 1321 1321 1321 1321 1321 1321 1321 1321 1321 1321 1321 1321
1321 1321 1321 1321 1324 1600 1321 1321 1326 1321 1321 1321 1321 1360 1325 1325 5200 1325
1321 1321 1321 1321 1321 1326 2600 1321 1321 1321 1321 1321 1321 1360 4200 1321 1321 1321
1321 1321 1321 1321 1321 1321 1310 1324 1540 1520 1325 1321 1321 1150 1350 5200 1340 1325
1321 1321 1321 1321 1321 1321 5300 1321 1321 1321 1321 1321 1321 1321 1324 1323 1321 1321
1321 1321 1321 1321 1321 6200 1321 1321 1321 1321 1321 1321 1321 1321 1323 1321 1321 1321
1321 1321 1321 1321 1321 1321 1321 1321 1321 1321 1321 1321 1321 1321 1321 1321 1340 1600
1321 1321 1326 1321 1321 1321 1350 2400 1321 1321 1321 1321 1321 1321 1321 1321 1321 1321
1321 1321 1321 1324 1325 1600 1321 1321 1321 1321 1321 1321 1321 1321 1321 1321 1321 1360
1321 1321 1321 1321 1321 1321 1321 6200 1321 1321 1321 5300 1321 1321 1321 1321 1321 1321
1321 1321 1321 1321 1321 1321 1321 1321 1321 1321 1321 1321 1326 1321 1326 1321 1321 1323
1323 1321 1321 1321 1550 1321 1321 1321 1321 6400 1321 1321 1550 1321 1321 1321 1324 1600
1321 1321 1321 1321 1321 1321 1321 1321 1321 1321 1326 1600 1321 1321 1321 1321 1321 5600
1321 1321 1321 1321 1321 1326 1140 1510 1350 1350 5200 4200 1321 1321 1321 1600 1321 1321
1321 1321 1321 1321 1360 1340 1325 1350 1321 5600 1310 1321 1321 1321 1321 1321 1321 1321
1321 1321 1321 1321 1321 1326 1321 1321 1321 1321 1322 1321 1321 1321 1321 1321 1321 1321
1321 1321 1321 1323 1321 1321 1321 1321 1321 1321 1321 1321 1400 1321 1321 1321 1321 1321
1321 1321 1321 1321 1321 1321 1321 1321 1324 1321 1321 1321 1321 1321 1321 1321 1321 1321
1321 1321 1321 1321 1321 1321 1321 1321 1321 1321 1321 1321 1321 1321 1321 1321 1360 6200
1321 1321 1321 1321 1321 1326 1600 1321 1321 1321 1321 1321 2200 1360 1321 1321 5300 1330
1321 1321 1321 1321 1321 1321 1321 1321 1321 1321 1321 1321 1321 1321 1321 1321 1321 1321
4200 6200 1321 1340 1540 2400 1321 1321 1321 1321 1321 1321 1321 1321 1321 1321 1321 1321
1321 1321 1321 1321 1321 1321 1321 1321 1321 1400 1321 1326 1321 1321 1360 1323 1340 1321
1321 1321 1321 1550 1321 1321 1360 1321 1321 1321 1550 1321 1321 1321 1321 1321 1321 1321
1321 1321 1321 1321 1321 1321 1321 1321 1321 1321 1321 1321 1321 1321 1321 1321 1321 1321
1321 1321 1322 1321 1321 1321 1321 1321 1324 1325 1600 1321 1321 1321 1321 1550 1321 1321
2600 1321 1321 1321 1321 1321 1321 1321 1321 1321 1321 1310 1321 1321 1321 1321 1321 1140
1550 1321 1321 1321 1326 1340 1323 1321 1321 1321 1321 1324 1321 1325 1325 1600 1321 1321
1321 1321 1321 1321 1321 1321 1326 1321 1321 1321 1321 1321 1321 1324 1540 2500 1321 1323
1321 1321 1321 1321 1321 1321 2200 1321 1321 1321 1321 1321 1321 1321 1321 1321 1550 1321
5300 2801 1322 1321 1600 1321 1321 1326 1321 1321 1321 1321 1321 1321 1326 1321 1321 1321
1321 1321 1321 1321 1321 1321 1321 1321 1321 1321 1321 1321 1321 1321 1321 1321 1321 1321
1321 1360 1321 1321 1340 1321 1324 2400 1321 1550 1321 1321 1310 1321 1340 2400 1321 1321
1321 1321 1321 1321 1321 1321 1321 1321 1321 1321 1321 1321 1321 1310 1321 1321 1321 1321
1321 1321 1321 1321 1321 1321 1321 1321 6200 1321 1321 1321 1321 1321 1321 1321 1321 1321
1321 1321 1321 1321 1321 1321 1340 1600 1321 1321 1321 1321 1321 1321 1321 1321 1321 1321
1321 1321 1321 1321 1321 1321 1321 1321 1321 1321 1321 1321 1321 1321 1321 1321 1321 1321
1321 1321 1321 1321 1321 1321 1321 1321 1321 1321 1321 1321 1321 1510 1900 1321 1321 1321
1321 1321 1321 1321 1321 1321 1340 1325 1510 1550 1321 1321 1321 1321 1321 1321 1321 6400
1321 1321 1321 1321 1321 1324 1321 1321 1321 1321 1321 1321 1140 6400 1321 1321 1321 2400
1321 1321 1321 1321 1400 1321 1321 1321 1400 1321 1321 1321 1321 1321 1321 1321 1321 1321
1321 1321 1550 1321 1321 1550 1321 1321 1321 1321 1321 1321 1321 1321 1321 1321 1321 1321
1510 3777 1321 1321 1321 1360 1321 1321 1321 1321 1321 1321 1321 1321 1321 1321 1360 1321
1321 1330 1321 1321 1321 1321 1321 1321 1321 1321 1321 1321 1321 1321 1321 1321 1321 1321
1321 1321 1326 5200 1325 5200 1325 1325 2600 1321 1321 1321 1321 1323 1321 1150 1350 1321
1321 1321 1321 1321 1321 1321 1321 1321 1321 1321 1321 1321 1330 1321 1321 1321 1321 1321
1321 1321 1550 1321 1321 1321 1321 1321 1321 1550 1321 1321 1321 1321 1321 1321 1321 1321
1321 1321 1321 1321 1321 1321 1321 1321 1321 1321 1321 1321 1321 1310 1360 1340 1340 5300
1321 1321 1321 1321 1321 1321 1321 1326 1325 1600 1321 1321 1321 1321 1321 1321 1321 1321
1321 1321 1321 1321 1321 1321 1321 1321 1321 2200 2200 1321 1321 1321 1321 1321 1321 1321
1321 1321 1321 1321 1321 1550 1321 1321 1321 1321 1321 1321 6400 1321 1326 1321 1321 1321
1321 1321 1321 1321 1321 1321 1321 1321 1321 1321 1321 1321 1321 1321 1340 1321 1330 1323
1321 1321 1321 1321 1321 1321 1321 1326 1321 1140 1321 1321 1321 1326 1321 1322 1321 1321
1321 1321 6400 1340 1321 1321 1321 1321 1321 1321 1321 1321 1321 1321 1321 1321 1321 1321
1324 1520 1321 1321 1321 1323 1321 1321 1321 1321 1321 1321 1321 1321 1321 1321 1321 1321
1321 1321 1350 1540 1540 2400 1321 1321 1321 1321 1321 1321 1321 1321 1321 1321 5600 1321
1321 1321 1321 1321 1321 1321 1321 1321 1321 1360 1321 1321 1321 1321 1321 1321 1310 1321
1321 1321 1321 1321 1321 1321 1321 1321 1321 1321 1321 1321 1326 1321 1321 1321 1321 1321
1321 1321 1321 1321 1321 1321 1321 1321 1321 1321 1321 1321 1321 1321 1321 1321 1321 1321
1321 1321 1321 1321 1321 1321 1321 1321 5300 1400 1321 1325 1324 1310 4200 1321 1321 1321
1321 1250 1325 1325 1321 1321 1321 1150 1350 1321 1321 1321 1321 1321 1321 1321 1321 1321
1340 1321 1321 1321 1321 1321 1321 1321 1321 1321 1321 1321 1321 1321 1321 1321 1321 1321
1321 1321 1321 1321 1321 1321 1321 1600 1321 1321 1321 1321 1321 1321 1550 1321 1321 1321
1321 1321 1321 1321 1321 1321 1321 1321 1321 1321 1321 1321 1321 1321 1321 1321 1321 1321
1321 1321 1321 1321 1321 1324 1323 1321 1321 1321 1321 1321 1321 1321 1321 1321 1321 1321
1321 1321 1321 1321 1321 1321 1321 1321 1321 1321 1321 1321 2600 1321 1321 1321 1321 1321
5600 1321 1321 1321 1321 1321 1321 1321 1321 1321 1321 1326 1321 1321 1321 1321 1321 1321
1321 1321 1321 1321 1321 1326 1321 1140 1325 1325 1321 1150 1350 1310 1321 1321 1321 1321
1321 1321 1321 1321 1321 1321 1321 1321 1321 1321 1321 1321 1321 1360 1321 1321 1321 1321
1321 1321 1321 1550 1321 1321 1321 1321 1321 1321 1321 1321 1321 1321 1321 1321 1321 1324
5300 1340 1322 1321 1321 1550 1321 6200 1326 1321 1140 1321 2600 1321 1321 1321 1321 1321
1340 1321 1321 1321 1325 4200 1321 1321 1321 1321 1321 1321 1321 1321 1340 1550 1321 1321
1321 1321 1321 1321 1321 1321 1321 1321 1321 1321 1321 1321 1321 1310 1321 1321 1321 1321
1321 1321 1321 1321 1326 1321 1321 1321 1330 1321 1321 1321 1321 1321 1321 1321 1321 1321
1321 1321 1321 1321 1321 1321 6400 1321 1321 1321 1321 1324 1540 1322 1321 1321 6200 1321
1321 1321 1321 1321 1321 1321 6400 1321 1321 1321 1321 1321 1323 1321 1321 1310 1321 1321
1321 1321 1321 1321 1321 1310 1321 1321 1321 5600 1321 1321 1321 1321 1321 1321 1321 1321
1340 1325 1323 1321 1321 1321 1360 1321 1321 1321 1321 1321 1321 1321 1321 1321 1321 1321
1321 1321 1321 1321 1321 1321 1321 1321 1321 1321 1321 1321 1321 1321 1550 1321 5300 6200
1321 1321 1321 1550 1321 1321 1321 1321 1326 1321 1321 1321 1321 1321 1321 1321 1321 1321
1321 1321 1321 1321 1321 1321 6200 1321 1321 1324 1321 1321 1510 1350 1360 1322 1321 1321
1321 1321 1321 1321 1321 1321 1324 1322 1321 1321 1321 1321 1321 1321 1321 1330 1360 1321
1321 1321 1321 1340 1323 1321 1321 1321 1321 1321 1321 1321 1321 1321 1321 1321 1310 1360
1321 1321 1321 1321 1321 1321 1321 1321 1321 1321 1321 1321 1360 1321 1321 1321 1321 1324
1321 1321 1321 1321 1321 1321 1321 1321 1321 1321 2200 1321 1321 1321 1321 1321 1321 1321
1321 1321 1321 1321 1510 1310 1321 1321 1321 1321 1250 1321 1321 1321 1321 1321 1321 1321
1321 1321 1360 1321 1321 1321 1321 1310 1321 1321 1310 1310 1310 1321 1321 1321 1321 6200
1310 1324 1510 1350 1326 1321 1325 1520 1323 1600 1321 1321 1321 1321 1321 1321 1321 1321
1321 1321 1321 2600 1321 1321 1321 1321 1321 1321 1321 1321 1321 1321 1321 1321 1321 1360
1400 1321 1321 1321 1321 1321 1321 1321 1321 1321 1321 1321 1321 1321 1321 1321 1321 1321
1321 1321 1321 1321 1321 1321 1321 1321 1321 1321 1321 1321 1321 1321 1324 1323 1321 1321
1321 1321 1321 1321 1321 1340 1322 1321 1321 1310 1321 1321 1321 1321 1321 1321 1324 1150
1310 1550 5600 1321 1321 1321 1321 1321 5300 1330 1323 1321 1321 1321 1321 1321 1321 1321
1321 1321 1321 1321 1321 1250 1325 1400 1321 1321 1321 1340 1323 1360 1321 1321 1321 1321
1321 1321 1321 1321 1321 1321 1321 1321 1321 1321 1321 1321 1321 1321 1321 1321 1321 1321
1321 1400 1321 1321 1321 1321 1321 1321 1321 1321 1321 1321 1321 1321 1321 1326 2400 1321
1321 1340 1600 1321 1321 1324 1325 1321 1321 1321 1322 1321 1324 1540 1600 1321 1321 1321
1321 1321 1340 4200 1321 1321 1310 1321 6400 1321 1321 1321 1326 1321 1321 1321 1321 1321
1321 1321 1321 1321 1321 1321 1321 1321 1321 1150 1350 1340 1322 1324 1322 1321 1321 1321
1321 1321 1321 1321 1324 1326 1325 1323 1322 1321 1321 1321 1321 1321 1321 1321 1321 1321
1310 5300 1310 1321 1321 1321 1321 1321 6200 1324 1510 1321 1321 1321 1321 1321 1321 1321
1321 1321 1321 6200 1321 1321 1310 1326 1321 1321 1321 1321 1321 1321 1321 1321 1321 1321
1321 1321 1323 1321 1321 1321 1321 1321 1321 1321 1360 1321 1321 1321 1321 1326 1321 1321
1321 1321 1321 1321 1324 1321 1321 1321 1321 1321 1321 1321 1321 1321 1321 1321 1321 1321
1321 1321 1321 1321 1321 1321 1321 1600 1321 1321 1321 1310 1340 1326 6200 1310 5200 1340
1324 1600 1321 1321 1321 1321 1321 1324 1510 1310 1321 1321 1321 1321 1321 1321 1321 1321
1321 1321 1321 2200 1340 1150 1250 1325 1322 1321 1321 1321 1321 1321 1321 1321 1321 1324
1321 1321 1321 1321 1321 1321 1321 1321 1321 1321 2200 1321 1321 1321 1321 1321 1324 1350
1321 1321 5600 1321 1321 5600 1321 1321 1340 4200 1321 1321 1321 1321 1321 1321 1321 1326
1321 1321 1321 1321 1321 1321 1321 1321 1321 1321 1321 1510 2797 1325 2400 1321 1360 1321
1321 1321 1326 1321 1321 1321 1321 1321 1321 1321 1321 6200 1321 1321 1321 1321 1321 1321
1321 1321 1321 1321 1321 1321 1310 1321 1321 1321 1321 5600 1321 1321 1321 1322 1321 1321
1321 1321 1321 1321 1321 1321 1321 1326 1321 1321 1321 1326 1321 1325 1326 1321 1321 1321
1321 1321 1321 1321 1321 1321 1321 1321 1321 1326 1321 1321 1321 1321 1321 1321 1321 1321
1321 1321 1326 1321 1321 2500 1321 1321 1321 1360 1321 1321 1321 1321 1321 1321 6200 1326
1321 1321 1321 1321 1321 1321 1321 1321 1330 1321 1321 1321 1324 1310 1340 1321 1321 1321
1321 1321 1326 1321 1321 1321 1321 1321 1321 1321 1340 1325 5200 1323 1321 1321 1321 1140
1321 1321 1321 1321 1321 2200 1321 1321 1321 1321 1321 1321 1321 1321 1321 1321 1321 1321
1321 1340 2400 1321 1321 1321 1321 1321 1321 1321 1360 1321 6200 6400 1321 1321 1321 1321
1321 1321 1321 1321 1321 1321 1321 1321 1321 1321 1321 1321 1321 1321 1321 1321 1321 1321
1321 1321 1321 1321 1321 1321 1321 1321 1321 1321 1321 1321 1321 1321 1321 6400 1321 1321
1321 1326 1321 1321 1321 1321 1321 1321 1321 1550 1321 1321 1310 1321 1321 1321 1321 1321
1321 1321 1321 1321 1321 1321 1321 2600 1321 1400 1321 1321 1321 1324 1321 1321 1520 1323
1321 1321 1321 1321 1321 1321 1321 1321 1321 5600 1321 1321 1321 1321 1321 2200 1321 1321
1321 1321 1321 1321 1321 1321 1321 1321 1321 1324 1321 1321 1321 1321 1321 1321 1321 1321
1321 1321 1321 1321 1321 1321 1321 1321 1321 1321 1321 1321 1321 1321 1250 1321 1600 1321
1321 1321 1321 1321 1321 1321 1321 1321 1321 1321 1321 1321 1321 1321 1321 1321 1321 1321
1324 1323 5200 1325 1321 1325 1321 1325 1340 1322 1321 1321 1340 1520 5200 1322 1321 1321
1321 1321 1321 1321 1321 1321 1321 1321 1360 1360 1321 1321 1321 1321 1321 1321 1321 1321
1321 1321 1321 1321 1321 1321 1550 1324 1325 1321 1321 1321 1324 1510 1330 1321 1321 1321
1321 1321 1321 1321 1321 1321 1321 1321 1310 1321 1321 1321 1321 1360 6400 1321 1360 1310
1321 1321 1321 1321 1321 1321 1321 2600 1321 1321 1321 1321 1321 1360 1310 1321 1321 1340
1321 1321 1321 1321 1321 1321 1321 1321 1321 1321 1324 1321 1321 1321 1321 1321 1321 1321
1321 5600 1321 1321 1321 1326 1325 1321 1321 1321 1321 1321 1321 1321 1325 1321 1510 1510
1321 1321 1321 1321 1321 1310 1340 1310 1325 1321 1321 1323 1321 1321 1360 1321 1321 1321
1400 1321 1321 1321 1321 1321 1321 1321 1321 1321 1321 1321 1321 1321 1321 1324 1325 1325
1321 1321 1321 1321 1321 1321 1321 1321 1321 1321 1321 1323 1326 1321 1321 1321 1321 1321
1321 1321 1321 1321 1321 1321 1321 1321 1360 1540 1321 1321 1321 1321 1330 1321 1321 1321
1321 1321 1321 1321 1321 1321 1321 1321 1321 1321 1321 1321 1321 1321 1310 1321 1321 1321
1321 1321 1321 1321 1321 1321 1321 1321 1321 1321 1321 1321 1321 6200 1360 1330 1321 1321
1321 1321 1321 1321 1321 1321 1321 1321 1360 1321 1321 1321 1321 1321 1321 1321 1321 1321
1326 1321 1321 1321 1321 1321 1321 1321 1321 1321 1321 1326 1340 1600 1340 1322 1321 1321
1340 2500 1321 1321 1321 1321 1321 1321 1321 1321 1321 1321 1321 1321 1330 1321 1321 1321
1321 1321 1321 1321 1321 1321 1321 1321 1321 1321 1321 1340 1322 1321 1321 1321 1321 1321
1321 1321 1323 1321 1321 1321 1321 5300 1340 1321 1321 1326 1321 1321 1321 1321 1310 2400
1321 1321 1321 1321 1321 1321 1321 1321 1321 1350 1600 1321 1321 1360 2600 1321 1321 1321
5600 1321 1321 1321 1321 1324 1326 1321 1321 1321 1321 1321 2600 1321 1321 1321 1321 1321
1400 2600 1321 1321 1321 1321 1326 1321 1321 1321 1321 1321 1321 1321 1321 1321 1321 1321
1321 1321 1321 1321 1321 1321 1321 1321 1321 1321 1321 1321 1321 1321 1321 1321 1321 1321
1321 1321 1321 1321 1321 1321 1321 1324 1323 1321 1321 1321 1321 1321 1321 1321 1321 1321
1321 1321 1321 1321 1250 1340 1321 1321 1321 1323 1321 1321 1321 1321 1324 1310 1310 1510
1321 1321 1321 1321 1321 1321 1321 1321 1321 1321 2600 1321 1321 1321 1321 1321 1321 1321
1321 1321 1321 1321 1321 1321 1321 1321 1321 6200 1321 1321 1321 1321 1321 1321 1321 1321
1321 1321 1321 1360 1360 1321 1321 1321 1321 1321 1321 1321 1321 1321 1321 1321 1321 1324
1321 1321 1321 1321 1321 1321 1321 1321 1321 1321 1321 1321 1321 1321 1321 1321 1321 1321
1321 1321 1321 1321 1321 1321 1321 1330 1321 1360 1321 1321 1321 1321 1321 1330 1321 1321
1321 1321 1321 1321 1321 1321 1321 1400 1321 1321 1321 1321 1321 1321 1321 1321 1321 1321
1321 1321 1321 1325 1360 1321 1321 1321 1324 1600 1321 1321 1321 1321 1321 1321 1321 1340
5300 4796 1150 1520 4139 1325 1325 1322 1321 1321 1321 1321 1321 1321 1321 1321 1321 1321
1321 6200 1322 1321 1321 1321 1321 1321 1321 1321 1321 1321 1321 1321 1321 1360 1321 1321
1326 1322 5300 1350 1326 1321 1325 5200 2600 1321 1321 1321 1321 1323 1321 1321 1321 1550
1321 1321 1321 1360 5600 1321 1321 1321 1321 1321 1321 1321 1321 1321 1321 1326 1321 1321
1321 1321 1321 1360 1324 1540 1350 1326 1600 1321 1324 5200 1326 1325 1325 1325 1321 1325
1321 1321 1321 1321 1321 1321 1321 1321 1321 1321 1321 1321 1321 1321 1321 1321 1324 1326
1321 1321 1321 1321 1321 1321 1321 1321 1321 1250 1323 1321 1321 1321 1321 1321 1321 1321
1321 1321 1321 1321 5600 1321 1321 1321 1321 1321 1321 1321 1321 1321 1350 1325 1510 1310
1321 1321 1321 1321 1321 1321 1321 1321 1321 1321 1321 1321 1321 1321 1321 1321 1321 2600
1321 1321 1321 1321 1321 1340 2500 1321 1321 1321 1325 4200 1321 1321 1321 1321 1321 1321
1321 1321 1321 1321 1321 1321 1321 1321 1321 1321 1321 1321 1321 1321 1321 1321 1321 1321
1321 1321 1321 1321 6200 1324 1326 1321 1321 1321 1600 1321 1321 1321 1400 1321 1321 6200
1321 1321 1321 1321 1321 1321 1321 1321 1321 1321 1321 1321 1321 1310 1321 1321 1321 1321
1321 1321 1321 1321 1326 1321 1321 1321 1321 1321 1321 1321 1321 1321 1321 1321 1321 1321
1400 1321 1321 1321 1321 1321 1321 1321 1321 1321 1321 1321 1330 1360 6200 1310 1340 1326
1321 1321 1321 1321 1321 1321 1321 1600 1321 1321 1321 1321 1321 1321 1321 1321 1321 1321
1140 6400 1321 1321 1321 1321 1321 1321 1321 1321 1321 1321 1321 1321 1321 1321 1321 1321
1321 1321 1326 1321 1321 1321 1321 1321 1321 1321 1321 1321 1321 1360 1321 1321 1321 1321
1321 1321 1321 1321 1321 1321 1321 1321 1321 1321 1321 1250 1322 1321 1321 1321 1321 1321
1321 1321 1321 1321 1321 1321 1321 1321 1321 1321 1321 1321 1321 1321 1321 1321 1321 1321
1321 1321 1321 1321 1321 1321 1321 1321 1321 1321 1340 1324 1323 1321 1321 1321 1321 1321
1321 1321 1321 1321 1321 1400 1321 1321 1321 1340 1360 1325 1325 1321 1321 1321 1323 1321
1321 1321 1321 1321 1321 6200 1321 1321 1321 1321 1321 1321 1321 1321 1321 1321 1321 1321
1321 1321 1321 1321 1321 1321 1321 1550 1321 1321 1400 1321 1310 2600 1321 1321 1321 1321
1321 1321 1321 1321 1340 1326 1325 1323 1321 1150 1600 1321 1321 1321 1321 1321 1321 1321
1400 1321 1321 1321 1321 1321 1310 1321 1321 1310 2200 1321 1321 1326 1321 1321 1322 1321
1326 1321 1321 1360 1321 1321 1360 1360 1321 1321 1321 1321 1321 1321 1321 1321 1321 1321
1321 1321 1321 1321 1321 1321 1321 1321 1321 1326 6200 1321 1321 1321 1321 1321 1321 1321
1321 1321 1321 1321 1321 1321 1321 1321 1321 1321 1321 1321 1321 1321 1321 1321 1321 1321
1321 1550 1321 1321 1321 1321 1321 1321 1321 1321 1321 1321 1321 1322 1321 1321 1321 1321
1321 1321 1321 1321 1321 1321 1321 1321 1321 1321 1321 1321 1321 1510 1310 1510 1350 1310
1321 1321 1321 1321 1250 1325 4200 1321 1321 1321 1326 1321 1326 1321 1321 1321 1321 1321
1321 1321 1340 1323 1321 1321 1321 1321 1321 1321 1321 1321 1321 1321 1321 1321 1321 1310
1321 6200 1321 1321 1321 1321 1321 1321 1321 1321 1321 1321 1321 1321 1321 1326 1321 1325
1321 1321 1321 1321 1321 1321 1321 1321 1326 1325 1510 1322 1321 1321 1321 1321 1321 1321
1321 1321 1321 1321 1321 1321 1321 1310 1321 1321 1321 1321 1321 1321 1321 1321 1321 1340
1321 1321 1321 1321 1321 6400 1321 1321 1324 1325 1325 1322 1321 1321 1321 1321 1321 1321
1321 1321 1321 1321 1321 1321 1321 1321 1321 1321 1321 1321 1321 1321 1321 1321 1321 1321
6400 1321 1321 6400 1321 1321 1321 1321 1321 1321 1321 1321 1140 1340 1321 1321 1321 1323
2600 1321 1321 1321 1321 1321 1321 1321 1321 1321 1321 1321 1321 1321 1321 1321 1321 1321
1321 1321 1321 1321 1321 1321 1324 1340 1321 1326 1321 1321 1321 1321 1321 1321 1321 1321
1340 1321 1321 1340 1510 1350 1250 1321 1321 1321 1321 1321 1321 1321 1321 1321 1321 1321
1321 1340 1321 1321 1340 1321 1326 1321 1321 1321 1321 1321 1140 1321 1321 1321 1321 1321
1321 1321 1321 1321 1321 1321 1321 1321 1321 1321 1321 1321 1321 5600 1321 1321 1321 1321
1321 1321 1321 1550 1321 1321 1321 1321 1321 1321 1321 1321 1321 1321 1321 1321 1321 1321
1321 1321 1321 1321 1321 1321 1321 1322 1321 1321 1321 1321 1321 1321 1321 1321 1321 1321
1321 1321 1321 1321 1321 1321 1321 1321 1321 1321 1321 1326 1321 2400 1321 1321 1321 1250
1140 1321 1326 1321 1321 1323 1321 1321 1321 1321 1321 2200 1360 1321 1321 1321 1321 1321
1321 1340 5600 1321 1321 1321 1321 1321 1321 1321 1321 1321 1321 1321 1321 1321 1321 1321
1321 1321 1321 1310 1322 1321 1321 1321 2200 1321 1321 1321 1321 1321 1321 1321 1321 1321
1321 1321 1321 1321 1321 1321 1326 4200 1321 1321 1321 1321 1321 1321 1360 1321 1321 1321
