1321 1325 1325 1350 1325 1350 1325 1321 1325 1110 1160 1360 1510 1325 1110 1310 1321 1321
1321 1250 2600 1325 1325 1321 1321 1321 1321 1321 1321 1321 1321 1322 1321 1321 1321 1321
1321 1325 1325 1350 1323 1110 1322 1321 4200 1360 1325 6100 1530 1321 1321 1321 1321 1360
1321 1325 1323 1321 1321 1321 1321 1325 1324 1325 1321 1321 1340 1360 1321 1325 1321 1321
1321 1325 1110 1322 1321 1340 1340 1360 1321 1321 1326 2500 1321 1321 1321 1321 1322 5300
1321 1325 1325 1321 1323 1321 1250 1325 1520 4200 1323 1321 1326 1230 1350 1321 1325 1310
1321 1325 1326 1360 1321 1326 1321 1321 1230 1360 1360 1321 1321 1321 1220 5500 1321 1321
1321 1321 1323 1323 1321 1326 1321 1321 5500 2200 1321 1360 1510 5200 1325 1360 1325 1360
1140 1326 6400 1321 1325 1360 1326 1520 3400 6400 1323 1600 6200 1321 6400 1321 2500 1321
1321 1350 1260 5400 4300 1325 1325 1321 1110 1321 1321 1321 1321 1321 1330 1321 2300 1321
1321 1360 1321 3300 1321 1321 1321 1325 1321 1600 1321 1321 1321 1600 1321 1321 1321 1321
1321 1321 1321 1321 1321 1323 2500 1323 1321 1360 1110 1400 1325 1321 1321 1321 1321 1321
1321 1360 1326 1321 1321 1321 1321 1325 1321 1321 1321 1321 1321 1321 1321 1321 1321 1321
1321 1325 1326 1321 1321 1321 1321 1321 1325 1321 1321 1321 2200 1220 1321 1321 1321 1321
1321 1321 1321 1321 1321 1321 6400 1321 1360 1600 1321 1321 1240 1321 1321 1110 1340 1321
1321 1325 1326 1321 1310 1321 1326 6400 1321 1321 1600 1321 1321 1321 1330 1321 1321 1321
1321 1325 1321 1326 4400 1321 1325 1325 1321 1325 1321 1321 1321 1321 1321 1321 1321 1321
1321 1350 1321 1323 1321 1230 1130 1321 1325 1325 1321 1325 1230 1360 1321 1323 1220 1325
1321 1326 2500 1323 1360 1323 1321 1321 1323 1220 1321 1325 2500 1325 1321 2200 1321 1321
1321 1325 1325 1360 1600 1321 1600 1326 1560 1321 1321 1321 1321 1321 1321 1321 1321 1321
1321 1600 1321 1323 1324 1321 1325 1321 1326 1321 5300 1326 1321 1321 1321 1321 1325 1321
1321 1360 1250 1325 1321 1321 1321 1321 1321 1321 1330 1321 1321 2200 1220 1321 1321 1600
1321 1325 1323 1325 1326 1140 1400 1326 1321 5500 1321 1321 1321 1321 1600 1321 1321 1321
1321 1325 1330 1325 1240 1323 1240 1321 1321 1324 1321 1600 1325 6400 1321 2500 2300 1310
1321 1350 1323 4200 1360 1321 1220 1321 1321 1321 1321 1220 1360 1321 1321 1360 1325 2400
1321 1321 1321 1321 1321 1321 2200 1321 1321 1325 1321 1321 1321 1321 1321 1321 1321 1321
1321 1325 1325 1325 1323 1321 1321 1600 1321 1321 1326 1321 1321 1321 1321 1321 1324 1321
1321 1321 1325 1325 1321 1321 1321 1325 1230 1321 1326 1321 1321 1325 1321 1321 1325 1321
1321 1325 1326 1323 1520 3400 1540 1323 6200 1321 1325 1323 1321 1600 1321 1321 1321 1324
1321 1350 1323 1325 1321 1321 1321 1230 4100 1321 1600 1321 1321 2200 1325 1230 1350 1323
1321 1321 1325 1321 1325 1321 1326 1325 1350 1110 1322 1110 1321 4200 1321 1321 1321 1326
1321 1325 1325 1326 1324 2200 3100 1560 1321 1321 1321 1325 1321 1321 1321 1321 1321 1321
1321 1321 1323 1325 1321 1325 1321 1321 1321 1321 1321 1321 1321 1600 1321 1321 2200 1321
1321 1250 1325 1323 1323 1321 1325 1321 1220 1323 1325 1321 1321 1321 1321 6400 1321 1321
1321 1321 1325 1321 1240 1321 1310 1321 1321 1321 1600 1321 1321 1321 1321 1321 1321 1321
1321 1325 1325 1325 1326 1350 1360 1360 1321 1323 1323 1325 1321 1321 1325 1325 1325 1220
1321 1325 1321 1325 1325 1325 1326 1321 1310 1360 1321 1326 1321 1321 1360 1321 1321 1321
1321 1350 1323 1322 1321 1325 1321 1321 1325 6300 1360 1326 1321 1325 1321 1321 1325 1321
1321 1220 1324 1325 1326 5300 1510 2600 1600 1321 1325 1321 1325 1321 5500 1210 1330 1321
1321 1325 1323 1321 1321 1321 1321 1326 1321 1321 2600 2200 1321 1321 2600 5500 2200 1321
1321 1325 1326 1321 1321 1321 1230 1321 1321 1321 1321 1321 1321 1321 2200 1325 1321 1326
1321 1321 1250 5500 1510 1140 1340 1321 1321 1321 1321 1321 1321 1321 1326 1321 1321 1321
1321 1325 1323 1321 1120 2500 1325 1326 1510 1321 3300 1321 1321 1321 1321 1321 1321 1321
1321 1321 1250 1323 1520 1322 1321 1330 1326 2500 1600 1600 1323 1321 1321 1321 1321 1321
1321 1321 1321 1321 1321 1600 5500 1321 1325 1321 6200 1321 1321 1321 2600 2200 1321 1321
1321 1325 1326 1310 1310 1340 1321 1321 5500 1321 6400 1321 1321 1321 1350 1321 1325 1321
1321 1325 1325 1321 1325 1321 1321 1321 5300 1321 1321 1321 1560 1350 1321 1321 1321 1321
1321 1323 1325 1360 1321 1321 1325 1321 6200 1321 1321 1321 1321 1321 1321 1321 1321 1321
1321 1325 1321 1321 1322 1321 1321 1321 2200 1321 1321 1321 1321 1321 1250 1530 1325 1326
1321 1323 1321 1321 1360 1321 1321 1321 1325 1321 1321 1325 1321 1325 1321 1321 1600 1321
1321 1325 1325 1324 1323 1321 1323 1325 1321 1230 4200 1360 1325 1321 1321 1321 1321 1321
1321 1325 1323 1324 1600 1321 1321 1324 1321 1321 1321 1321 1321 1400 1321 1323 1325 1326
1321 1325 1325 1321 1321 4200 1310 1321 1321 1321 1321 1321 1321 1321 1321 1321 1321 1321
1321 1220 1323 1110 1321 1325 1540 1326 1321 1321 1360 5200 1325 1360 1321 1326 1360 1310
1321 1321 1325 1324 1325 1350 1321 1321 2600 1325 6400 1321 1321 1326 2100 2500 1321 1321
1321 1321 1321 1321 1321 1321 1321 1321 1321 1321 1321 1321 1600 1321 1321 1321 1321 1600
1321 1321 1325 1321 1321 1321 1321 1321 1230 1321 1321 1321 1321 1325 1321 1321 1321 1321
1321 1321 1325 1324 1321 1340 1321 2300 1321 1321 1321 1321 1321 1325 1321 1321 1321 1321
1321 1321 5200 1520 1325 1321 1321 1250 5300 1326 1321 1325 1321 1325 1321 1321 1350 1321
1321 1310 1110 1130 1324 1322 1321 1324 1321 1250 1350 1323 1321 1110 1321 1325 1321 4200
1321 1325 1324 1321 1600 1323 2100 1321 1321 1321 1321 1230 1321 1321 1600 1321 1321 1321
1321 1325 1321 1326 1321 1321 1510 1321 1321 1321 1321 1321 1321 1321 1321 1321 1321 1321
1321 1321 1325 1323 1340 1321 1321 1321 4200 1321 1321 1321 1326 1321 1321 1321 1321 1321
1321 1325 1326 1326 2500 1323 1322 1321 1321 1321 1220 2600 1230 1360 1323 1325 1220 4300
1321 1321 1321 1520 4200 1322 1321 1130 1325 1321 1600 1323 4300 1321 6200 1321 1321 1321
1321 1325 1321 1325 1360 1110 1400 1230 1560 1321 1325 1321 1321 1321 1321 2600 1321 1321
1321 1321 1321 1321 2200 1321 1400 1321 1325 1321 1321 1600 1321 1324 1321 6200 1321 1321
1321 1321 1321 1321 1600 1321 1321 1321 1321 1321 1321 1321 1321 1321 1321 1321 6400 1321
1321 1325 1326 1323 1360 1325 4300 1321 1321 1321 1321 2100 1321 1325 1321 1321 1325 1321
1321 1323 1321 1325 2500 1321 1321 1600 1321 1321 1321 1321 6200 1321 1321 1321 1321 1600
1321 1350 1321 1321 1321 1325 6400 2200 1321 4200 1321 1321 1323 1321 1321 1600 1321 1321
1321 1350 1323 1321 1321 1321 1321 2600 1324 1321 1321 1350 1400 1220 1321 1321 1321 1321
1321 1321 1325 1325 1321 1560 1321 1321 1321 1321 6200 1321 1321 1321 1360 1520 1210 1321
1321 1325 1321 1321 1321 1321 1321 1321 1321 1321 1321 1321 2200 1321 1321 1321 1321 1321
1321 1325 1325 1325 1230 1321 3200 1400 1160 1510 1321 1560 1321 1325 1325 1325 1321 1321
1321 1325 1325 1350 1321 1326 1325 1321 1321 1321 1321 5300 1321 1325 1321 4400 1325 1321
1321 1325 1321 1325 1321 1321 1321 1321 1600 1321 1321 1321 1321 1321 1321 1321 2500 1321
1321 1321 1323 1325 1321 1326 4200 1321 1350 1321 1321 5200 1560 1321 1321 1321 1321 1321
1321 1321 1321 1321 1321 1325 2100 1321 1321 5500 1326 1323 1325 1360 1321 1325 1321 1321
1321 1325 1325 1321 1325 1321 1321 1321 1321 1360 1110 1321 1323 1220 1321 1321 1321 1325
1321 1325 1325 5300 1325 1110 4200 1350 1325 1360 1325 1360 1330 1321 1325 1321 1325 1600
1321 1322 1323 1323 1321 1326 1321 1321 1360 1325 1321 1321 1321 1321 1321 1321 1321 1321
1321 1321 1321 1321 1325 1321 1321 1321 1321 1325 1325 1321 1321 1325 1325 1220 1325 1350
1321 1400 1321 1321 1322 1220 1321 1321 4400 1321 1321 1321 1321 1321 1321 1321 1321 1330
1321 1360 1321 1321 1322 1321 1321 1323 1330 1321 1321 1321 1321 1321 1321 1321 1321 1321
1321 1324 1321 1600 1323 1321 1600 1326 1321 1321 1321 1321 1321 2100 1321 1323 1321 1321
1321 1325 1323 1321 1321 1321 1321 2600 1321 6400 1321 1321 1325 1321 1321 1326 1600 1321
1321 1325 1321 1600 1321 1326 1110 1321 1560 1323 1330 1321 1321 1321 1325 1321 1560 1110
1240 1350 4300 1321 1321 1323 1321 1230 1110 1325 1360 1321 1360 1321 1323 1350 1325 1230
1321 1321 1321 1321 1321 6400 1321 1321 1321 6400 1321 1321 1321 1321 1321 1321 1321 1321
1321 1321 1600 1326 1250 1325 1321 1360 1110 1321 4200 1321 1321 1321 1321 1321 1321 1321
1321 1325 1325 1520 1322 1321 1325 1600 1325 1325 1400 1321 5500 2500 1600 1321 1325 1360
1321 1321 1220 2500 1321 1323 1326 2100 1323 1326 1321 3300 1323 2500 1350 1323 1321 1321
1321 1325 1323 1520 1325 1321 1321 1240 1321 1321 1230 1321 1321 1600 1321 1330 1321 1321
1321 1350 1323 1323 1324 1321 1326 1140 1250 1110 1560 1325 1330 1321 1321 1321 1321 1321
1321 1321 1321 1321 1321 1321 1321 1321 1321 1321 1321 1321 1321 1321 1321 1321 1321 1321
1321 1323 1325 1323 1321 1325 1321 1321 1330 1230 1321 1321 1321 1321 2200 1321 1321 1321
1321 1325 1325 1325 4300 1325 1230 1110 4200 1360 1110 1321 1325 1360 1321 1350 1321 1220
1321 1350 1321 1250 1250 1325 4300 1310 1321 1321 1321 1330 2600 1321 1321 1321 1321 1321
1321 1321 1321 1323 1321 1324 1310 1110 1321 1321 1321 1600 1321 2600 1321 1321 1321 1321
1321 1325 1321 1325 1321 1321 1321 1321 1321 1326 2100 1321 1325 1325 1321 1321 1400 1321
1321 1325 1323 1325 1321 1325 1321 1321 4100 1230 1321 1321 1321 1321 1321 1321 6200 1321
1321 1321 1324 1321 1321 1321 1321 1321 1230 1321 1326 1321 1321 1321 1321 1321 1321 1321
1321 1350 1321 1321 1321 1321 1321 1321 1321 1321 1321 1321 6400 1321 1321 6400 1321 1321
1321 1321 1310 1325 6400 1321 1250 1600 1324 1324 1325 1321 1321 1321 5500 1321 1326 1321
1321 1321 1321 1321 1325 1321 1240 1321 1321 1321 1321 1321 6200 1321 1321 1321 1321 1321
1321 1325 1323 1326 1325 1350 1325 1321 1325 1321 1325 1510 1140 1325 1400 1350 6400 1600
1321 1325 1325 1321 1325 1321 1325 6400 1321 1321 1324 1600 1325 1321 1230 1110 1321 1360
1321 1350 1323 4100 1321 1240 1321 1326 1325 1321 1325 1324 1321 1325 1321 1321 1210 1560
1321 1321 1325 1325 1321 1325 1321 1321 1321 1321 1321 1321 1321 2500 1326 1600 1321 1325
1321 1325 1360 1325 1325 1230 1360 1324 1324 1323 1520 1323 1325 1321 1321 1321 1321 1324
1321 1321 1325 1325 1321 1321 1321 1330 1321 1321 1321 1321 1321 1321 1321 1321 1321 1321
1321 1323 1321 1321 1321 1321 1321 1321 1321 1321 1326 1321 1321 1330 6100 1600 1321 2200
1321 1350 1321 1321 1323 1325 1321 1325 1323 1324 1323 1321 1321 1400 1350 1321 1321 1321
1321 1360 1110 1322 1321 1560 1321 1325 2600 1321 1321 1321 1326 1330 1321 1321 1321 1321
1321 1321 1321 1321 1321 1321 1325 1321 1321 1321 1400 1321 1323 1321 1321 1321 1600 1321
1321 1321 1321 1310 3100 1560 1321 1321 1321 1321 1321 1321 1321 1321 1321 1330 1321 1321
1321 1325 1325 1326 1330 1321 1321 1325 1321 1325 1325 1324 1323 1323 1323 1220 1323 1323
1321 1350 1321 1324 1321 1321 1230 1110 1310 1210 1321 1321 1350 1321 1326 1321 1520 1330
1321 1321 1321 1321 1321 1321 1321 1321 1325 1321 2200 6400 1321 1321 1321 1321 1321 1321
1321 1325 1323 1325 1321 1321 1321 1321 1326 1600 1321 1321 1321 1321 2300 1321 1321 1600
1321 1350 1321 1321 1321 6200 1321 1321 1321 1325 1321 1323 1321 1321 1321 1600 1321 1321
1321 1321 1325 1510 1322 1321 1325 1360 1321 1140 1325 1321 1321 1321 1321 1321 1321 1321
1321 1321 1321 1321 1230 4200 1326 1321 1321 1321 1321 1321 1325 1321 1321 1350 6400 1321
1321 1350 1322 1340 1325 1322 1321 5200 1240 1360 1360 1321 1321 1325 1321 1321 1325 1321
1321 1324 1240 1321 1326 1321 1321 1600 1321 1321 1321 1321 1325 1321 1321 1325 1321 2600
1321 1321 1325 1325 1325 1321 1325 1325 1321 1321 1321 1600 1321 1321 1321 1321 1321 1325
1321 1321 1325 1323 1325 1325 6400 1321 1250 1325 1323 1325 1321 1326 1321 1340 1321 1321
1321 1321 1360 1321 1321 1321 1321 1321 1560 1360 2500 1321 1321 1323 1520 4200 3400 1540
1321 1325 1325 1230 1325 1321 1325 1321 1321 1325 1324 1325 1326 1140 1323 1220 1400 1600
1321 1323 1325 5300 1130 1321 1321 1321 1321 1321 6400 1321 1321 1321 1321 1323 1321 1325
1321 1360 1321 1321 4200 4200 1520 1321 1325 1321 1321 1321 1321 1220 1321 1321 1321 1325
1321 1321 1321 1321 1321 1321 1150 1321 1321 1321 1321 1321 1326 1321 1321 1321 1321 1321
1321 1321 1321 1321 1321 1321 1321 1330 1230 1321 1321 1321 1321 1326 1321 5200 1520 3400
2300 1321 1321 1321 1321 1321 1321 1321 1321 1321 1321 1321 1325 1321 1321 1321 1321 1321
1321 1350 1321 1323 1323 1321 6200 1321 1321 1321 1321 1321 1330 1230 1321 1326 1321 1230
1321 1220 1323 1324 1321 2200 5500 1530 1321 1325 1321 1323 1321 1600 1325 1600 1321 1325
1321 1321 1321 1321 1120 2500 1321 1321 1321 1110 1321 1321 1321 1321 1321 1321 2200 1321
1321 1323 1323 1360 1321 1510 1326 1321 1325 1325 1321 1325 1321 1325 1321 1321 1321 1325
1321 1321 1325 1540 2400 1321 1350 1323 1321 1321 1321 1321 1230 1360 1321 1220 1360 1324
1321 1323 1321 1325 1321 1326 1321 1310 1325 1321 1520 1530 1324 1240 1326 6400 1321 1321
1321 1250 5200 1325 1321 1325 1321 1321 1325 1400 1321 1321 1321 1600 1321 1321 1321 1321
1321 1321 1323 1321 1330 1360 1360 1230 1110 1325 1321 1550 1321 1321 1321 1325 1321 1321
1321 1321 1325 1321 1323 1325 1321 1325 1321 1326 1325 1321 1325 1400 2200 1321 1321 1322
1321 1321 1325 6400 1321 1325 1324 1321 5500 1325 1330 1321 1321 1600 1230 1321 1310 1321
1321 1321 1325 1230 1350 4300 1321 1321 1323 1321 1321 1350 1600 1321 1240 1321 1350 1323
1321 1325 1324 1321 1321 1321 2100 1321 1325 1230 1325 1321 1325 1321 1324 1325 1600 1323
1321 1321 1325 1321 1240 1321 1326 1110 1321 1325 1321 1230 4200 1321 1321 1321 1321 1321
1321 1321 1360 1240 2400 1321 1220 1324 1325 1321 1321 1321 1321 1321 1600 5500 1321 1220
1321 1323 1323 1240 1321 1321 1321 1321 1321 1321 1321 6200 1321 1321 1321 1600 1321 1325
1321 1326 1325 1322 1321 1321 1600 1323 1321 1325 1230 1321 1321 1321 1321 1230 1321 1321
1321 1350 1323 1240 4100 1321 1321 4400 1321 1326 1325 1321 1323 1325 1323 2500 1323 1110
1321 1321 1323 1322 1310 1321 1210 1321 1321 1321 1520 4200 1350 1350 4300 1321 1325 1321
1321 1321 1321 1321 1321 1321 1321 1321 2200 1321 2200 1325 1321 1321 6400 1321 1321 1321
1321 1321 1325 1230 1321 5200 1326 1321 1321 1321 1321 1321 1325 1325 1321 1325 1325 1326
1321 1321 1325 1321 1321 1325 1321 1321 1321 1321 1321 1321 1321 1321 1321 1321 1321 1321
1321 1325 1325 1321 1321 1321 1321 1321 1321 1321 1321 1321 1321 1321 1321 1321 1321 1600
1321 1321 1325 1230 1326 1321 1321 1321 1321 1321 1321 1321 1321 1321 1321 1321 1325 1321
1321 1324 1321 1325 1321 1321 1321 1321 1321 1321 1321 1321 1321 1321 1321 1321 1321 1321
1321 1325 1326 1325 1360 1110 1325 1360 1321 1321 1220 1321 1321 1600 1325 1321 1321 1321
1321 1325 1321 1325 1321 1325 5500 1340 1510 1322 1321 1325 1325 1321 1325 1321 1321 1325
1321 1321 1321 1321 1220 1321 1321 1321 1321 1230 1321 1321 1321 1321 1321 1321 1321 1325
1321 1322 1110 1310 1210 1321 1360 1321 1360 1326 1140 1323 1220 1321 1330 1321 1321 6200
1321 1321 1321 1321 1321 1510 1326 1321 1321 1321 1321 1321 1321 5100 1321 1321 1321 1321
1321 1321 5200 1325 1325 1325 1220 1323 1350 1350 4300 1321 1323 2100 1321 1324 1324 1323
1321 1321 1326 1350 1321 1325 1540 1325 1321 1325 1325 6400 1321 1321 1321 1321 1321 1321
1321 1325 1520 1260 1325 1325 1600 1250 1250 1600 1321 1325 1150 5500 1321 1325 1321 1550
1321 1321 1325 1323 1325 1326 1140 1321 1321 1310 1321 1321 1350 1321 1321 1321 2500 1600
1321 1321 1325 1321 1325 1240 1321 1326 1110 1321 1330 1326 1321 1321 1325 1321 1321 1321
1321 1321 1321 1325 1321 1321 1325 1325 1326 1321 1310 1310 1340 1321 1321 1321 1321 1321
1321 1321 1326 1321 1326 1325 1321 1310 1330 1321 1321 1600 1321 1321 1321 1520 1321 6200
1210 1326 1321 1321 1110 4400 1321 1325 1325 1321 1326 1325 2200 1560 1560 1321 1321 1321
1321 1325 1326 1323 1321 1323 1360 1326 1150 1360 3400 1220 6400 1323 1350 1323 2500 1323
1321 1360 1326 1321 1321 1321 1321 1321 1325 1321 1321 4400 1321 1321 1150 1321 1321 1321
1321 1325 1321 1323 1321 1325 1321 1325 1325 1324 2500 1323 1325 1324 1321 1323 1324 1325
1321 1350 1323 2200 1321 1321 1321 1350 1321 1321 1325 1321 4200 1323 1325 1321 1325 1321
1321 1324 1321 1325 1321 1321 1321 1600 1400 1321 1321 1600 1321 2500 6400 1321 1326 1325
1321 1324 1600 1330 1321 1321 1324 1321 1321 1321 1321 2500 1600 1321 1321 1600 1321 1321
1321 1321 1325 1540 1321 1321 1321 1321 1321 1321 1600 2200 1321 1321 1321 1321 1321 1321
1321 1321 1321 1321 1321 1321 1310 1310 1321 1321 1321 1321 5300 2100 2200 1321 1321 1321
1321 1110 5200 1325 6100 1325 1321 1321 1360 1250 1250 1110 1321 1325 1210 1560 1321 1325
1321 1325 1326 1321 1321 1321 1310 1321 1321 2200 1321 1321 1321 1321 1321 1321 1330 1321
1321 1350 1325 1323 1321 1325 1321 1321 1240 1321 1321 1321 1321 1321 1321 1600 1350 1321
1321 1325 1323 1325 1321 1360 1510 5200 1325 1321 1325 1321 1321 1326 1321 1325 1321 1325
1321 1325 1323 1321 1321 1321 1321 1321 1321 1321 1321 1321 1321 1321 1600 1321 1321 1321
1321 1360 1326 1150 1230 1325 1321 1321 1321 1321 1321 1321 1220 1321 1321 2200 2600 1325
1321 1325 1325 1325 1350 1323 1321 1321 1325 1360 1321 1321 1321 1321 1321 1321 1325 5600
1321 1321 1321 1321 1321 1600 1321 1321 1230 1360 1321 1321 1325 1321 1321 1321 1321 1150
1321 1321 1321 1400 1321 1321 1325 1321 1325 1321 1321 1325 1323 1325 1321 1360 5200 1326
1321 1360 1321 3100 1560 1321 1321 1321 1321 1321 1321 1321 1321 1321 1321 1321 2200 1600
1321 1350 1323 1321 1323 1323 1240 1326 1323 1360 1240 2400 1321 1240 1360 4200 1321 1321
1321 1321 1325 1321 1326 1530 1310 1321 1321 1321 1321 1325 1530 1321 1520 1326 1321 1321
1321 1321 1323 1360 1323 1321 1323 1321 1321 1321 1321 1600 1321 1321 1321 1321 1321 6400
1321 1321 1321 1321 1321 1230 1321 1321 1321 1321 1321 1321 1230 1321 1321 1321 1321 1325
1321 1325 1321 1325 1321 1321 1360 1130 1321 1321 1321 1321 1321 1230 1360 1321 1321 1321
1321 1250 1110 1321 1360 1321 1240 1321 1326 1325 1321 1321 1321 1220 1321 1230 1321 1321
1321 2200 1321 5100 1325 1321 1350 1321 1321 1321 1600 1321 1321 1325 1321 1324 1110 1321
1321 1325 1326 1321 1321 1360 1321 1325 1321 1321 1321 1326 1321 1326 1321 1321 1321 1321
1321 1324 1323 1321 1321 1321 2200 1323 1321 1321 1321 2100 1321 1330 1321 1340 1350 1321
1321 1360 1321 1321 1321 1321 1321 1321 1321 1321 1321 1321 1321 1321 6400 1321 1321 2600
1321 1321 1400 1321 1325 1321 4400 1321 1321 1323 1321 1321 1323 1321 1321 2200 1360 1321
1321 1323 1360 1326 1150 1240 1350 1321 1325 1321 6200 1325 1321 1321 1324 1321 2200 1321
1321 1321 1321 1321 1321 1350 1321 1325 1321 1326 6200 1321 1321 1321 1321 1321 1240 1321
1321 1325 1321 1321 1321 1321 1230 6300 4200 1323 1321 1325 1325 1323 1321 1325 1321 1321
1321 1323 1321 1325 1321 1323 1323 1520 1530 1323 1321 1360 1325 2100 1325 1321 1321 1140
1321 1325 1321 1325 1325 1321 1325 1600 1321 1321 1321 1220 2600 1323 1520 1326 1530 1325
1321 1323 1325 1326 1220 1321 1325 1325 1321 1325 1321 1321 1321 1321 1520 1321 1321 1321
1321 1321 1325 1321 1321 1321 1321 2200 1600 1321 1321 1321 1340 1321 1321 1321 1321 4400
1321 1321 1325 1321 1321 1321 1321 1321 1321 1321 1321 1321 1321 1321 1321 1560 1321 1321
1321 1321 1325 1326 1326 1323 4100 1321 1230 1321 1321 1220 1321 1321 1321 1321 1600 1321
1321 1321 1325 5500 1510 1340 1321 1321 1321 4200 1321 1321 2600 1321 1321 1360 1321 1321
1321 1325 1321 1321 1321 1323 1321 1321 1321 1321 1321 1321 1321 1321 1321 1321 1321 1321
1321 1323 1325 1321 1325 1360 1321 1321 1321 1321 1321 1321 1321 1321 1321 1321 1321 1321
1321 1323 1321 1321 1321 1321 2100 1321 1321 1321 1321 1321 1321 1321 1321 1321 5300 1310
1321 1321 1325 1321 1325 1325 1321 1325 1321 1324 1310 1326 1600 1321 1321 1321 1321 1321
1321 1325 1325 1520 1260 1325 1323 1325 1240 1110 1325 1330 1560 1310 1321 1321 1321 1321
1321 1321 1325 1321 1325 1321 1321 1400 1321 1321 1321 1321 1321 1321 6400 1321 1600 1321
1321 4100 1321 1325 1325 1321 1325 1321 1321 1321 1321 1321 1321 1321 1324 1600 1321 1326
1321 1325 1323 1324 1323 1321 1323 1326 1323 1325 1321 1325 1322 1310 1321 3100 1560 1321
1321 1350 1350 4300 1321 1321 1323 5500 6400 1323 1323 1350 1160 1220 1326 6400 1321 1321
1321 1323 1321 1110 5200 1360 1321 1321 1321 1321 1321 1310 1325 1321 1321 1321 1600 1321
1321 1325 1324 1321 1321 1321 1321 1321 2500 1600 1326 1325 2600 5500 1220 1510 1326 1321
1321 1326 1360 1321 1360 1325 6100 1325 1321 1321 1325 5300 1326 1321 1325 1321 1321 1325
1321 1321 1325 1323 1323 1321 1600 1323 1325 1230 1360 1321 4400 1321 1321 1321 1321 1321
1321 1325 1325 1326 1323 1360 1325 1323 1323 1321 1325 1330 1321 2600 1250 1325 1220 1340
1321 1321 1325 1325 1520 1260 1325 1325 1325 1110 1322 1321 1400 1600 1325 4400 1310 1400
1321 1321 1321 1321 1510 1140 1321 1321 1321 1326 1321 1321 1325 1330 1560 1321 1325 1321
1321 1321 1325 1321 1326 1321 1326 1325 1326 1360 1321 1310 1220 1326 1321 1250 1326 1150
1321 1325 1325 1323 1323 1323 1310 1321 1321 1321 1600 1321 1321 1321 1330 1321 1321 1321
1321 1325 1326 1323 1325 4300 1321 1560 1220 1321 1340 1321 1321 1326 1321 1325 1321 1321
1321 1321 1325 1230 1360 1310 1321 1325 1321 1321 3100 1321 1325 1321 1321 1210 1326 1321
1321 1321 1325 1321 1325 1600 1326 1321 1360 1110 1325 1330 1326 1321 1321 1321 1321 1321
1321 1325 1325 1321 1310 1325 1324 1600 1326 1323 1326 1323 1324 1323 1321 1321 5500 1321
1321 1325 1322 1321 1325 1321 1600 5500 1321 1321 6200 1321 1330 1321 1321 1325 1321 1321
1321 1325 1326 1510 1326 1322 1330 4100 1321 1321 1360 1350 1220 1321 1324 1323 1321 1350
1321 1323 1321 1326 1325 1323 1323 1321 1220 1540 1321 5200 1310 1321 1321 1321 1321 1321
1321 1321 1321 1240 1321 1321 1310 1360 1360 1326 1321 1321 1321 1326 1321 1321 1321 1321
1321 1325 1325 2400 1321 1325 1350 1350 4300 1321 1321 1325 1150 1360 4200 1321 1360 1326
1321 1325 1321 1321 1321 1321 1321 1321 1321 1321 1325 1325 1321 1325 1321 1321 1321 1325
1321 1321 1360 1321 1321 1321 1325 1326 1321 1321 1321 1321 1321 1321 1400 2200 1321 1321
1321 1321 1321 1321 1321 1321 1321 1321 1321 1321 1321 1220 1321 2300 1321 1321 1321 1321
1321 1321 1325 1350 1321 1321 1321 1230 4200 1326 1325 1321 1321 1321 1321 1321 1321 1324
1321 1321 1325 1326 1321 1360 1326 1150 1321 1321 1321 1321 1325 1321 1321 1321 1321 1321
1321 1321 1325 1325 1326 1323 1321 1321 1321 1321 1324 1325 1321 1321 1323 1321 1321 5300
1321 1321 1325 1321 1321 1321 1321 2600 1310 1321 1321 1321 1321 1321 2200 5500 1321 2200
1321 1323 1360 1326 1321 1321 1321 1321 1321 1321 1321 1321 1321 1321 1321 1321 1321 1321
1321 1321 1325 1325 1324 1323 1600 1310 1325 1321 1321 1321 1325 1321 1321 1323 1321 1360
1321 1325 1325 1321 5200 1326 1325 1360 1321 1310 1540 1321 1520 1260 1325 1321 1325 1321
1321 1321 1325 1321 1230 1321 1321 1321 1324 1600 1326 1321 1323 1360 1326 1323 5300 5200
1321 1321 1325 1321 1325 1322 1321 1321 1321 1321 4400 1321 1321 1321 1321 1520 1321 1321
1321 1321 1250 1325 1230 1350 1321 1360 2500 1160 1324 1325 2600 1220 1321 1321 1321 4200
1321 1325 1325 1321 1325 1321 1325 1321 1324 1600 1321 1321 1321 1321 2600 1230 1321 1321
1321 1323 2500 1321 5200 1323 1321 1321 1321 1321 1321 1321 1321 1330 1321 1321 1321 1321
1321 1321 1325 1230 1321 1321 1321 1321 1321 1321 1321 1321 1321 1321 1321 1321 1321 1321
1321 1321 1325 1325 1325 1330 1321 1321 1321 1321 1321 1321 2100 1321 1321 1120 2500 1321
1321 1325 1325 1321 1325 1321 1325 2500 1321 1321 1321 1321 1325 1321 1326 1321 1321 1321
1321 1321 1323 1326 1321 1360 1360 1322 1321 1325 1510 1140 1321 1321 1400 1321 3100 1130
1321 1250 1325 1321 1326 1140 1360 1240 2400 1321 1323 1230 1110 1321 1323 1600 1325 1321
1321 1325 1325 1323 1325 1321 1322 1321 1325 1321 1325 5300 1326 1321 1323 1326 1150 1360
1321 1325 1326 1321 1321 4200 1321 1321 1321 1321 2500 1600 1321 1322 1360 1326 1321 3300
1321 1321 1325 1321 1325 1321 1350 1321 1321 1321 1321 1321 1321 1321 1326 1321 1310 5500
1321 1321 5500 1325 1321 1321 5200 1326 1321 1321 4200 1325 1325 1360 1321 1321 1321 1321
1321 1325 1326 1321 1325 1321 1325 1321 6200 1321 1321 1600 1360 1350 1321 1360 1360 1321
1321 1360 1321 1326 1400 1360 1240 1350 1220 1360 1321 1360 1321 1321 1360 4100 1321 1321
1321 1323 1325 1326 5300 1323 1340 1321 1340 1321 1321 1321 1321 1321 1321 1321 1321 1321
1321 1220 1350 1323 2500 1110 1321 1110 2100 1323 1321 1323 1326 1321 1321 4200 1321 1310
1321 1325 1326 1322 1321 1325 1321 1340 1340 1321 1330 1321 1321 1326 1321 1220 1325 1321
1321 1321 1321 1520 1321 1321 1325 1321 1321 1321 1600 1321 1330 1321 1321 1321 1310 1321
1321 1400 1360 1325 1321 1321 1321 1360 1321 1321 1220 1321 1321 5100 1321 1321 1600 1330
1321 1321 1230 1321 1321 1321 5500 1321 1321 1321 1321 1321 1323 1330 1321 1321 1321 1321
1321 1321 1321 1321 1321 1321 1321 1321 2500 1321 1321 1600 1321 1321 1321 2400 1321 1321
1321 1325 1325 1324 1321 1326 1600 1321 1321 1310 1600 1321 1321 1321 1321 1321 1321 1321
1321 1325 1325 1326 1321 1321 1110 1220 1400 1325 2500 1321 1321 4400 2600 1230 1321 1321
1321 1325 1350 1323 1325 1321 1324 1321 1326 1321 1321 1321 1400 1321 1321 5100 1325 1360
1321 1220 1321 2200 1321 1321 1321 1321 2200 1321 1321 1325 2600 1321 1321 1321 1360 1325
1321 1321 1326 1250 1325 1325 1321 1325 1325 1321 1325 1321 1325 1325 1321 1321 1321 4200
1321 1323 1326 4400 1321 1325 1326 1360 1360 1326 1323 1325 1321 1325 1321 1321 1321 1321
1321 1321 1321 1330 1321 1321 1510 1322 1321 1321 1321 1321 1321 1321 1321 1321 1321 1321
1321 1325 1325 1326 1321 1360 1330 1321 1321 1321 1321 1321 1321 1321 1360 1110 1321 1360
1321 1360 1321 1321 1321 1325 5300 1326 1321 1321 1321 1140 1321 1326 1600 1326 6200 1321
1321 1324 1321 1321 1600 1326 1321 1321 1321 1321 1323 1600 1321 1323 1321 1321 1326 1321
1321 1321 1325 1321 1240 1321 1321 1321 1321 1330 1600 1321 1321 1321 1321 1321 1321 1321
1321 1325 1325 1321 1323 1323 1321 1360 1310 1321 1325 1321 1321 1321 1330 1230 1560 5200
1321 1323 1324 1321 1321 1321 1321 1360 1321 1321 1321 1321 1321 6400 1321 1321 1321 1321
1321 1325 1360 1321 1321 1360 1321 1321 1321 1321 1321 1321 1220 1321 1321 1325 1321 1321
1321 1325 1325 1324 1325 1321 1240 1260 1321 1321 2600 1325 1321 1230 1340 1321 1321 1321
1321 1325 1325 1321 1325 1321 1325 1321 1326 1250 1323 1325 1321 1321 1321 1321 1321 4400
1321 1321 1110 1325 1321 1325 1230 1360 1360 1325 1321 1325 1325 1321 1321 1321 1321 1321
1321 1325 1325 5200 1325 1326 1360 1321 1321 1321 1325 1540 1326 1321 1321 1330 1321 1321
1321 1324 1323 1321 1323 1321 1360 1323 1321 1321 1360 1321 1325 1321 1325 1321 1321 1321
1321 1321 1325 1321 1400 1321 1321 1321 1600 1230 1321 1321 1325 1321 1321 1321 1321 1321
1321 1350 4300 1321 1325 1326 1510 1322 1321 1321 1360 1321 1321 4200 1321 1140 1321 1310
1321 1360 1310 1321 1360 1325 1321 1321 1560 1360 1325 4300 1321 1321 1321 1321 1321 1321
1321 1321 1325 1310 1321 1321 1310 1321 1600 1321 1321 1550 1321 6200 1321 1321 1321 1321
1321 1325 1323 1321 1325 1321 1321 1323 1321 1321 1321 1600 1321 1321 1321 2200 1321 2200
1321 1350 1321 4400 1240 1321 1325 1220 1321 1321 1321 1321 1321 1321 1321 1321 1321 1321
1321 1321 1325 1321 1326 1325 5300 1130 1324 1323 1350 1323 5300 1130 1321 4400 2600 1350
1321 1321 1325 1530 1520 1321 1323 1330 2600 5500 1321 1321 1321 1330 1321 1321 1321 1321
1321 1323 1326 1140 5500 1321 1340 1321 1321 1321 1321 1321 1321 1321 1321 1600 1321 1321
1321 1325 1323 1325 1326 1321 1321 1321 1600 1321 1321 1310 1321 1321 1321 1321 1321 1321
1326 1325 5300 5200 1326 1321 1321 1321 1600 1321 1321 1321 1321 1321 1321 1321 1321 1321
1321 1321 1321 1321 2600 2200 1321 1321 1321 1600 1600 1321 1321 1600 1321 1321 1321 1321
1321 1324 1325 1150 1360 2500 1110 2100 3300 1321 5300 1321 1321 1321 1321 1321 1321 1330
1321 1321 1325 1321 1321 1321 1321 1321 1321 1321 1321 2200 1321 1321 1321 1321 1321 1321
1321 1321 1325 1325 1321 1325 1230 1360 1325 1321 1321 1321 1321 1321 1321 1321 1321 6200
1321 1321 1325 1230 1360 1360 1325 1350 1321 1325 1360 1360 1321 1321 1321 1321 1321 1321
1321 1321 1321 1326 1325 2500 1350 1321 1323 2400 1330 1321 1321 1321 1321 1325 1326 1325
1321 1323 1325 1326 1322 1321 1321 4200 1321 1321 1325 1321 1321 1321 6200 1321 1321 1321
1321 1326 1360 1323 2500 1110 1321 1130 2600 1321 1321 1321 1321 1321 1321 1325 1321 1321
1321 1325 1323 1321 1321 1321 1325 1321 1350 1110 1325 1321 1325 1325 1321 1321 1321 1325
1321 1321 1321 1323 2500 1321 1321 1321 1325 1310 1321 1321 1321 1321 2600 1323 1321 1321
1321 1321 1325 1321 1325 1321 1321 1330 1360 1321 1321 1310 1110 1321 1321 1321 1321 1321
1321 1250 1140 1321 1321 1600 1326 6200 1321 1321 1325 1321 1321 1321 1321 1321 1321 1321
1321 1322 1110 4400 1321 1360 2400 1321 1360 1326 1140 1323 1330 1321 1321 2600 2200 1600
1321 1321 1321 1321 1325 1321 1321 1321 1350 1321 1321 1323 1321 1321 1325 1321 1321 1321
1321 1325 1321 1325 1324 1321 1321 1321 1400 2200 1321 1324 1540 1326 1321 1321 1321 1321
1321 1350 1323 1321 5100 1110 1321 1321 1321 1321 1321 1321 1321 1321 2500 1321 1321 1230
1321 1321 1321 1325 1323 1360 1321 1321 1321 1321 1325 1321 1321 1321 1326 2500 2300 1321
1321 1326 1325 1350 1325 1322 1321 1325 1321 1324 1325 1600 1326 1321 1600 1230 1350 1321
1321 4200 1350 1325 1325 1360 1240 1321 1360 1350 1160 1321 1321 1321 1321 1321 1321 1325
1321 1321 1250 1321 1321 1321 1321 1321 1321 1321 1321 1321 1321 1321 1321 1321 1321 1321
1321 1220 1324 1510 5200 1330 1325 1360 1360 2400 1321 1350 1323 1325 1326 1324 1360 1325
1321 1325 1321 1325 1321 5300 1321 1321 1321 1321 1321 6200 1321 1321 1321 6400 1321 1321
1321 1321 1321 1321 1321 1321 1325 1321 1321 1321 1321 1321 1321 1321 1321 1321 5100 1321
1321 1323 1325 1326 5200 1321 1321 1325 1350 1325 1350 1325 1321 1321 1321 5200 1360 1321
1321 1325 1321 1325 1323 1325 1326 6400 1321 1323 1325 1326 1325 1325 1321 1321 1321 1321
1321 1323 1326 1321 1321 1321 1321 1321 1321 1321 2500 1321 1321 2100 1321 1321 1321 1321
1321 1350 1323 2500 1230 1110 1325 1323 1321 1321 1321 1510 1322 1321 1321 1321 1321 1330
1321 1325 1325 1321 5500 1510 1321 1325 1140 1321 1326 1350 1321 1325 1321 1321 1321 1321
1321 1350 1325 1350 1325 1321 1323 1324 1325 1326 1323 1325 1321 1325 1323 1321 1600 1325
1321 1220 1350 1323 1325 1530 1325 1110 1310 1340 1321 1321 1321 1560 1230 1321 4200 1321
1321 1321 1325 1323 1325 1321 1360 1325 1323 1325 1321 1325 1321 1325 1321 1325 1321 1325
1321 1540 1326 1140 1321 1321 6400 1321 1321 6400 1120 2500 1321 1321 1330 2600 1230 1360
1321 1321 1321 1321 1321 1321 1325 1321 1321 1321 1321 1321 1321 1321 1321 1321 1230 1321
1321 1324 1325 1321 1321 1600 1321 1325 2500 1321 1321 1321 1321 1321 1321 1321 1321 1321
1321 1321 1310 1110 1321 1321 1321 1321 1520 1321 1326 1321 1325 1510 1321 1600 1600 1310
1321 1321 1325 1110 1321 1325 1325 1350 1321 1325 1321 1321 1321 2500 1540 1321 1321 1323
1321 1321 1325 1321 1325 1321 1321 1321 1321 1560 1540 1520 1322 1321 1600 1325 1321 1321
1325 2600 1321 1250 1250 1600 1350 1321 1321 1321 1325 1321 1321 1321 1321 1600 1321 1321
1321 1321 1325 1325 1325 1360 1325 4300 1321 1321 1325 1325 1240 1321 1321 1321 1321 1325
1321 1360 1323 1360 1326 1321 1321 1321 1321 1321 1321 1325 1321 1325 1321 1321 1321 1321
1321 1321 1325 1325 1321 1321 4200 1140 1321 1321 1360 1321 5300 1400 1325 1321 1325 1321
1321 1220 1325 1326 1324 1325 1323 1350 1400 1230 6300 1321 1600 1325 1321 1321 1321 1321
1321 1350 1323 1321 1321 1250 1140 1325 1600 1326 6200 1321 1321 1321 1321 1230 1321 1321
1321 1326 1110 1310 1340 1360 1360 1520 1530 1310 1321 1330 1360 5300 1310 1321 3100 1321
1321 1323 1323 1323 1321 1310 1321 1321 1230 1321 1326 1321 1321 1330 1321 1321 1600 2200
1321 1321 1321 1323 1360 1360 1330 1321 1321 1325 1321 1326 1321 1321 1321 1321 1321 2500
1321 1324 1310 1326 1321 1323 1220 1321 1326 1321 5300 5200 1220 1110 1321 1325 1310 1321
1321 1325 1326 1110 1322 1310 1340 1260 1321 3300 1323 2500 1323 1321 1321 1321 1600 1321
1321 1321 1326 1325 5200 4200 1350 1325 1323 1325 1325 1325 1230 1110 1321 1330 2600 1321
1321 1321 1321 1321 1321 1321 1321 1600 1321 1321 1321 1326 1321 1321 1321 1321 1325 1321
1321 1321 1321 1600 1321 1321 1321 1321 2200 5500 1321 1321 1321 1321 1321 1321 1321 1321
1321 1321 1321 1321 1321 1321 1600 1321 1321 1321 1321 1321 1325 1321 1321 1321 5100 1600
1321 1330 1321 1321 1321 1321 1321 1321 1330 1350 1321 1321 1321 1321 1321 2200 1220 2600
1321 1325 1360 1325 1321 1325 1321 1325 1321 1325 1240 1360 1321 1220 1321 1321 1321 1321
1321 1321 1325 1325 1326 1324 6400 1321 1323 1310 1323 1321 1321 1323 1321 1321 1600 1321
1321 1325 1325 1324 1321 1321 1310 1321 1321 1321 1321 1600 1321 1321 1321 1321 1321 1321
1321 1321 1321 1321 1321 1240 1321 1220 1324 1321 1321 1321 6400 1321 1350 1321 1321 1321
1321 1325 1325 1321 1321 1321 1321 1350 1321 1321 1325 1321 1321 1310 1321 1321 1321 1321
1321 1350 1325 1325 1323 1220 1323 1321 1240 1321 1321 1321 2600 1324 1321 1350 1323 1325
1321 1325 4400 1321 1325 1360 1321 1321 1321 1321 1321 1150 1360 1321 2600 1550 1321 1321
1321 1321 1325 1220 1325 1230 1321 1310 1323 1321 1321 1321 3100 1321 1321 1321 1321 1321
1321 1321 1325 1321 1321 1321 1321 1560 1230 1321 1321 1310 1321 1321 1321 1321 1520 1321
1321 1323 1325 1326 1321 1321 1321 1321 1321 1110 1321 1321 1321 1321 1321 1321 1321 1321
1321 1321 1321 1321 4200 1321 1321 1321 1321 1321 1321 2200 1360 5200 1220 1321 1321 3100
1321 1321 1325 1321 1326 1400 1321 2600 1321 1600 1325 1323 1323 1321 5200 1324 1325 1321
1321 1325 1321 1325 1321 1321 1600 1321 1321 1321 1321 1321 4400 1321 1321 1350 5500 1510
1321 1325 1326 1326 1321 1321 1321 4200 1321 1321 1325 1321 1220 1321 1321 1323 4400 1321
1321 1321 1323 1220 1323 1321 1326 1400 1325 1600 1321 1323 1220 1325 1323 1325 1321 1325
1321 1321 1321 1321 2500 1321 1321 1325 1325 1325 1326 1321 1321 1321 1321 1321 1321 1321
1321 1350 1360 4200 1321 1321 1321 1321 1325 1321 1325 1321 1321 1600 5500 1321 1321 1321
1321 1321 1321 1321 1321 1321 1321 1321 1321 1321 1321 1321 1321 1321 1321 1321 1321 1321
1321 1325 1325 1321 1321 1321 1321 1321 1321 1321 1321 1321 1321 1321 1321 1321 1321 1321
1321 1321 1321 1325 1321 1326 1321 1325 1321 1325 1321 1321 5100 1560 1325 1321 1360 4200
1321 1360 1325 1321 1325 1360 1360 1321 1321 1360 1600 1360 1321 1322 1321 1321 1140 1360
1321 1325 1324 1321 1250 1400 1321 1321 1321 1350 6400 1321 1321 1325 1324 1321 1325 6400
1321 1321 1321 1321 1330 1325 1321 1321 1321 1360 4200 1321 1321 1321 1324 1323 1600 1321
1321 1323 1240 1321 1325 1360 1321 1323 1360 2500 1323 1321 1350 1321 1321 1321 1600 1321
1321 1323 1321 1326 1324 1321 1321 2100 1321 1325 1321 1321 1321 1600 1321 1321 1600 2200
1321 1325 1321 1321 1600 1321 1321 1321 1321 1325 1321 1321 1321 1321 1321 1321 1325 1321
1321 1325 1350 1325 1323 1323 1325 1321 1323 1323 1323 1250 1325 1321 1321 1321 1325 1360
1321 1325 1323 1321 1321 1321 1321 1321 1321 1321 1321 1321 1330 1321 1325 1321 1321 1321
1321 1350 1323 1321 1240 1321 1140 1400 1321 6400 1600 1600 1325 1321 1321 1321 4100 1321
1321 1321 1321 1321 5300 1326 1321 1321 1321 2600 2200 2600 1321 1321 1550 1321 1325 6400
1321 1350 1323 1321 1321 1321 1321 1321 6400 1321 1321 2200 1325 1230 1350 1325 1323 1325
1321 1325 1326 4400 1321 1324 1321 1325 1600 1321 1321 5500 1321 1321 1600 2200 1321 1321
1321 1324 1323 1321 5200 1325 1321 1321 1321 1321 1321 1321 1321 1600 1321 1325 1321 1321
1321 1321 1323 1321 1321 1321 1321 1321 5300 1321 1321 1321 1321 1321 2100 1321 1321 1321
1321 1324 1110 1321 1325 1325 1321 1321 1321 1321 1321 1321 1600 1326 1323 1325 1321 1321
1321 1325 1326 1323 1510 1325 1360 1321 1360 1321 1325 1321 1321 1325 1324 1321 1325 1321
1321 1325 1326 1250 1326 1321 1321 1321 1350 1321 1120 2500 1321 1321 1600 1321 1321 1321
1321 1325 1325 1321 1321 1321 5300 1321 1321 1321 2600 1321 2100 1321 1321 1321 1321 1530
1321 1324 1323 1520 2400 1321 1360 1321 1140 1321 1340 1321 1321 1321 1321 1321 2200 1220
1321 1321 1325 1325 1321 1325 1360 1322 1321 1325 1321 1321 1325 1321 1321 1330 1321 4400
1321 1325 1230 1321 1120 2500 2400 1321 1360 1326 1150 1360 1360 1321 1321 1325 2600 1321
1321 1325 1323 1321 5300 1340 1510 1322 1321 1321 1325 1321 1321 1321 1321 1321 1530 1325
1321 1325 1321 1321 1321 1321 1600 1321 1321 1321 1321 1321 1321 1321 1321 1220 1321 1321
1321 1325 1326 1323 1325 1321 1321 1321 1321 1321 1321 1321 1350 1321 1321 1321 1400 1321
1321 1350 1321 1321 1321 5500 1321 1600 1325 1325 1321 1321 2600 1230 1321 1324 1321 1600
1321 1321 1321 1321 2200 1325 1240 1321 1321 1321 1510 1140 1600 1321 1220 1321 1321 1321
1321 1326 1321 1310 1340 1220 1321 1325 1321 1321 5200 1321 1326 1325 1326 1325 1350 1321
1321 1321 1325 1325 1321 1323 1321 1321 1321 1321 1321 1321 1321 1321 1321 1321 1321 2100
1321 1321 1325 1325 1321 1321 1321 1321 1321 2600 1321 1321 1321 1321 1321 2200 1321 1321
1321 1321 1321 1321 1321 1326 1321 5300 5200 1310 1321 1321 1360 1326 1150 1230 1350 1330
1321 1325 1325 1321 1321 5100 1325 1321 1220 1321 1321 1321 1600 1321 1321 1600 1321 1321
1321 1250 1325 1323 1321 2200 1321 1325 1321 1321 1323 1321 1326 2100 1600 1350 1323 1350
1321 1330 1321 5200 1325 1326 1321 1325 1321 1321 1321 1321 1321 1321 1325 1321 1321 1321
1321 1322 1321 1321 1326 1321 1326 5200 1340 1321 1321 1321 1321 1321 1321 1321 1321 1321
1321 1321 1321 1321 1321 1321 1321 3100 1321 1321 1321 1143 1324 1325 1520 2400 1321 1326
1321 1360 1350 1160 1321 1321 1321 1321 1321 1321 1321 1220 1330 1321 1321 1321 2600 1220
1321 1321 1321 1321 1321 2500 1600 1321 1321 1321 1321 1321 1321 1321 1321 1321 1321 1321
1321 1325 1240 1321 5200 1310 1321 1325 1321 1321 1325 1220 1321 1325 1325 1324 1540 1360
1321 1310 1321 1321 1321 1400 1321 5600 1360 1325 4300 1321 1321 1321 1321 1321 1321 1321
1321 1321 1321 2200 1360 1510 1326 1230 1325 4300 1321 1321 1325 1321 1325 1321 1321 1600
1321 1310 1325 1326 1324 1321 1600 1326 1400 1321 1600 2600 1323 1310 1560 1321 1321 1321
1321 1325 1326 1321 1325 1321 1321 1540 1321 1321 1321 1321 1520 1400 4200 1360 1325 6100
1321 1324 1110 1322 1321 1360 1321 1321 1325 1321 1321 1321 1321 1325 1325 1321 1325 1325
1321 1321 1321 1321 1321 1321 1321 1321 1321 1321 1321 1321 1321 1321 1321 1321 1550 1321
1321 1321 1321 1321 1325 1321 1321 1321 1600 1321 1321 1321 1321 1321 1321 1330 1321 1321
1321 1321 1326 1350 1325 1250 1325 2600 1230 1110 1322 1230 1321 1323 1325 1321 1321 1321
1321 1321 1325 2600 1360 1321 1330 1321 1321 1321 1321 1321 1600 1321 3100 1130 1325 1321
1321 1321 3200 1400 1160 1510 1140 1321 1400 1321 1600 1600 1321 1321 1321 1321 1321 1325
1321 1325 1321 1323 1510 5200 4200 3400 1540 1323 6200 1321 1324 1600 1321 1325 6400 1321
1321 1321 1321 1321 1321 1321 1321 1321 1321 1321 1321 1321 1321 1321 1321 1321 1321 1321
3100 1326 1400 1360 1130 1326 1325 1321 1321 1321 1325 1321 1321 1326 1325 1321 1325 1230
1321 1360 1321 1326 1321 3300 1325 1323 1110 1321 1325 1321 1321 1321 1326 1326 1321 1321
1321 1325 1321 1321 1321 1321 1321 1321 1321 1600 1321 6200 1321 1321 1321 1230 1321 1321
1321 1321 1321 1321 1321 1600 1321 1321 1321 1321 1325 1321 1321 1321 1326 1467 1321 1321
1321 1321 1321 1321 1321 1321 1321 2200 1321 1600 1321 1321 1140 1321 1325 1321 1321 1321
1321 1350 1323 1323 1600 1326 4200 1321 1321 1321 1321 1321 1321 2100 6200 1321 1321 1321
1321 1321 1325 1321 1325 2400 1321 1326 1321 1400 1321 1321 1600 1321 1321 1321 1321 1321
1321 1325 1323 1325 1321 1325 1321 1326 1321 1325 1321 1325 1321 1325 1323 1326 1321 1310
1321 1321 1350 6400 1321 1323 1325 1321 1240 1321 1326 6200 1321 1321 1321 2500 1600 1321
1321 1322 1325 1323 1323 1321 1321 1321 1321 1321 1321 1600 1330 2600 1360 1323 1321 1321
1321 1325 1323 1323 1323 1520 1530 1325 1360 1325 1325 1321 1321 1321 1230 4200 1310 1321
1321 1325 1326 1321 1326 1321 1310 1540 1323 1600 1326 1600 1360 1110 1321 1360 1325 2400
1321 1220 6400 1321 1325 1325 1321 1321 1600 1321 1321 2600 1321 1600 1321 1321 1321 1321
1321 1220 1324 1321 1510 1322 1321 1321 1321 1321 1321 1321 1325 1321 1326 1325 1325 1321
1321 1323 1325 1321 1326 4400 1321 1340 1510 1322 1321 1110 1326 1321 1321 1310 1321 1321
1321 1350 1323 1323 1324 1321 1310 1220 1110 1400 1360 1240 1321 1325 1321 1325 6400 1325
1321 1323 1230 6300 4200 1321 1220 1321 2600 1321 1240 1321 1321 1325 1325 1321 1321 1330
1321 1325 1325 1325 1323 1321 1321 5100 1325 1321 1326 1321 1326 1325 1321 1325 1321 1321
1321 1250 1110 1560 1321 1310 1321 1321 1321 1321 1321 1321 1321 1321 1321 1321 1321 1321
1321 1325 1325 1326 1321 1326 1150 2300 1321 1321 1321 1321 1325 1321 1321 1325 1326 1321
1321 1350 1325 1322 1540 1350 1322 4200 1321 1321 1321 1321 1325 1321 1350 1323 1325 1321
1321 1321 1230 1321 1321 1321 1321 6400 1321 1321 1321 1321 1321 1321 1321 1321 1600 1321
1321 1325 1325 1326 1250 1321 1321 1321 1321 1321 1400 1321 1321 1321 1321 1321 1321 1321
1321 1326 1323 1321 1250 1325 1324 1321 1325 1321 1321 1321 1321 1230 1321 5300 1321 1321
1321 1325 1325 1321 1326 1325 1321 1520 1260 1325 1325 1321 3200 1400 1160 2500 1600 1321
1321 1325 1325 1326 4400 1321 1321 1321 1550 1321 1321 1321 1321 1321 1321 1321 2200 1220
1321 1325 1230 1321 1321 1360 1326 1360 1321 1323 1321 1321 1321 1326 1321 1325 1324 1321
1321 1321 1325 1321 1321 1321 1321 1321 1321 1321 1321 1600 1330 1321 1321 1321 1321 1321
1321 1323 1326 1321 1310 1210 1324 1600 1321 1325 1321 1600 1326 6200 1321 1321 1321 1321
1321 1325 1325 1324 1600 1326 1321 1330 2600 1321 1325 1110 1321 1325 1326 1321 1321 1360
1321 1350 1323 1323 1325 1323 1325 5300 1130 1324 1321 1321 1321 4400 1323 1321 1321 1321
1321 1321 1325 5200 1325 1321 5300 5200 1326 1321 1325 1321 1360 1110 1321 1325 1310 1321
1321 1321 1325 1325 1326 1321 1325 1325 1321 1325 1321 1321 1321 1321 1321 1220 6400 1321
1321 1321 1321 1400 1321 1321 1321 1321 1321 1321 1600 1321 1321 1321 1321 1321 1321 1321
1321 1250 1323 1325 1326 1321 1321 1321 1510 1321 1321 1321 1321 1321 1321 1321 1326 1321
1321 1325 1325 1520 1260 1325 1325 1325 1321 1250 1110 1322 1321 1321 1321 1310 1330 1600
1321 1360 1350 1160 1321 4100 1321 1321 1321 1321 1321 1321 1321 1321 1321 1560 1322 1321
1321 1321 1325 1321 1325 1321 1321 1321 1321 1321 1600 1321 1600 1321 1321 1321 1321 1321
1321 1360 1321 1323 1321 1325 1321 1326 1321 1325 1321 1321 1321 1321 1321 1321 1600 1321
1321 1321 1325 1321 1321 1321 1321 1321 1321 1321 1321 1321 1321 1321 1321 1321 2500 1321
1321 1321 1325 1321 1325 1321 1321 1321 1321 1330 2600 1321 1322 1230 6300 1321 1321 1326
1321 1321 1321 1321 1321 1321 1321 1321 1323 1321 1321 1321 1321 2600 2200 1600 1321 1321
1321 1400 1321 4200 4200 1321 1321 1321 1321 1321 1321 1321 1321 1600 1321 1321 1324 1321
1321 1350 5200 1321 1360 1240 2400 1321 1323 1325 1324 1323 1240 1323 1350 1325 1323 1321
1321 1321 1325 1321 1325 1325 1325 1321 1325 1230 1321 1220 1325 1321 1321 1325 1324 1325
1321 1325 1230 1360 1360 1325 6100 1530 1321 1321 1321 1520 4200 1350 1325 1321 1400 1220
1321 1323 1321 1321 1321 1321 1321 1321 2100 1321 1220 1321 1321 1325 1321 1325 1321 1321
1321 1325 1326 6400 1321 1323 1360 1326 1150 1360 1321 1321 1325 1600 1321 1321 1321 1600
1321 1321 1325 1400 1321 1321 5300 5200 1325 1325 1360 1360 1321 1321 1321 1321 1600 1230
1321 1324 1310 1400 5500 1326 1325 1321 1321 4200 4200 1321 1321 1240 1321 1325 1321 1220
1321 1325 1350 5200 1325 1321 1325 1325 1110 1400 1330 1230 1321 1321 1321 1321 1321 1330
1321 1326 1360 1326 1325 1321 1325 1220 1110 1321 1325 1325 1321 1325 1110 1310 1321 1321
1321 1360 1321 1250 1321 1325 1325 1321 1325 1321 1325 1321 1321 1321 1325 1321 1321 1321
1321 1321 1321 1321 1325 1360 1321 1326 1325 2600 1321 1321 1321 1321 1321 1321 1321 1600
1321 1325 1325 1321 1321 1560 1310 1321 1321 1321 1321 1321 1321 1321 1330 1560 1321 1321
1321 1321 1323 1230 1323 1321 1325 1230 1321 1321 1325 1220 1321 1323 1321 1230 1321 1326
1321 1325 1324 1321 1321 1321 1321 1321 1321 1321 1321 1321 1321 1321 1321 1321 1321 1321
1321 1325 1323 1325 1321 1324 1321 1600 2200 1321 1321 1321 2200 1321 1321 1323 1321 1321
1321 1325 1323 1325 1321 1220 1340 1321 1321 1321 1321 1321 1321 1321 1330 1321 1321 1321
1321 1321 1240 1321 1520 1321 1323 1110 1321 1130 1321 1321 1520 4200 1321 1325 1325 1321
1321 1322 1321 1326 1600 1321 1321 4400 2600 1321 1323 1321 1321 1321 1321 1321 1321 1321
1321 1360 1323 1323 1321 1321 1325 1321 1321 1321 4400 1321 1325 1321 1325 1321 1321 1325
1321 1325 1326 1325 1360 1321 1325 1321 1325 1360 1325 1350 1321 1323 1325 1321 1325 1321
1321 1350 1321 1321 1321 1350 6400 1325 1325 2400 1321 2500 1230 1350 1160 1321 1321 1325
1321 1326 1321 1321 1321 1600 1321 1321 1321 1321 1321 1321 1321 1321 1220 1321 1321 1321
1321 1321 1321 1326 1321 1520 1321 1325 1321 1325 6400 1325 2600 1360 1321 1321 1325 1326
1321 1325 1323 1321 1325 1321 1323 2400 1321 1325 1326 1360 1360 1520 1140 1325 1330 1321
1321 1325 1326 1321 1321 1321 1321 1324 2500 1321 1321 1321 1325 1323 5300 1325 1321 1326
1321 1321 1310 1230 1321 1326 1600 1326 1321 5300 1326 1321 1326 6200 1321 1322 1323 1520
1321 1321 1600 6400 1321 1230 1321 1340 1340 6400 1321 1321 1321 1324 1110 1321 4200 1322
1321 1325 1360 1321 1321 1321 1326 1321 1220 1323 1321 1321 1324 1600 1321 1326 1321 1325
1321 1323 1323 1323 1321 1323 1326 1321 1510 1322 1321 1321 1321 1321 1321 1560 1321 1321
1321 1325 1360 1325 1325 1321 1321 1325 1321 1321 2500 1600 1140 1321 1321 1600 1321 1321
1321 1321 1325 1325 1326 1323 1323 1350 1323 1321 1240 1321 1310 1220 1321 1325 1325 1321
1321 1322 1322 1321 1321 1325 1321 1325 1600 1321 1321 1321 1321 1321 1321 1321 1321 1321
1321 1325 1325 1326 1150 1110 4400 1321 1321 1321 1321 1321 1600 2600 2200 1600 1321 1325
1321 1325 1350 1323 1323 1323 1323 1321 1321 1560 1321 1321 2300 1321 1321 1321 2200 1321
1321 1321 1325 1321 1326 1325 1323 1321 1321 1321 1322 1325 1321 1321 1330 1110 1321 1321
1321 1325 1325 1321 1220 1323 1325 1321 1321 1600 2600 1360 1130 1321 1325 1321 1324 1600
1321 1323 1360 1510 1322 1321 1350 1321 1325 1520 3400 6300 1130 1220 1110 1321 1321 1321
1321 1321 1321 5300 1360 1325 1321 1321 1321 1321 1321 1321 1321 1321 1600 1325 1321 1321
1321 1325 1325 1323 1321 1321 1321 5600 1321 1321 1321 1321 1321 1321 1325 1330 1321 1360
1321 1325 1325 1326 1321 1310 1340 1321 1321 1321 1321 1321 1321 1321 1321 1321 1321 1321
1321 1325 1360 1325 1325 1321 1326 1325 1321 1321 1321 1321 1321 1321 1321 1321 1560 1360
1321 1325 1323 1326 1140 1321 1321 6200 1321 1321 1321 1330 5500 1326 1321 1321 1321 1600
1321 1321 1321 1323 1321 1321 1321 1321 1360 1325 1350 1325 1321 1325 1325 1321 1325 1325
1321 1325 1325 1321 1325 1321 1321 1400 1321 1230 1321 1321 1321 1321 1600 1321 1321 1321
1321 1325 1325 1520 1260 1326 2500 1323 1325 1600 1321 1326 1360 4100 1321 1321 1321 1325
1321 1560 1321 1321 1321 1321 2300 1321 1321 1321 2500 1325 2600 1230 1325 1323 1350 1325
1321 1325 1321 1321 1321 1310 1321 1321 1321 1321 1321 1321 1321 1321 1321 1321 1321 1321
1321 1321 1321 1321 1323 1321 1321 1220 1321 1321 1600 1600 1326 1321 1325 1323 1321 1600
1321 1325 1230 1360 1360 1321 3400 1540 1323 6200 1321 1326 1110 1321 1325 1321 1321 1321
1321 1321 4400 1321 1350 1350 4300 1321 1321 1321 1230 1360 1360 4200 3400 1540 1323 2200
1321 1324 1321 1321 1324 1321 1600 1321 1321 1150 1360 1321 1321 1321 1321 1321 1600 1321
1321 1325 1230 1230 1321 1321 1321 1325 1323 1324 1360 1360 4200 1321 1321 1321 1321 1321
1321 1321 1324 1321 1325 5200 1520 1325 1321 1325 1323 1325 1324 1324 1600 1323 1321 1321
1321 1321 1321 1321 1321 1325 4200 1321 2600 1321 1325 1325 1520 1321 1330 1325 1330 2600
1321 1321 1325 2500 1110 1322 1321 1325 1321 1321 1321 1321 1321 1321 1321 1321 2500 1321
1321 1321 1321 1400 1321 1321 1321 1321 1321 1600 1321 1321 1321 1321 1321 1321 1321 1321
1321 1400 1321 1321 1321 1321 1321 1321 1321 1321 1323 1325 1321 1120 2500 1321 1321 1220
1321 1325 1321 1325 1321 1325 1323 1325 1326 1321 3300 1600 1326 1323 1360 1321 1360 1321
1321 1325 1321 1321 4200 1321 1330 1321 1321 1321 1326 1321 1321 1324 1321 1326 1321 1321
1321 5500 1510 1322 1321 1360 1321 3300 1110 1321 1130 1321 1600 1321 1321 1325 1321 1326
1321 1326 1325 4300 1325 1321 1325 1360 1321 4200 1322 1321 1321 1321 1321 1321 1321 1321
1321 1323 5500 1324 1321 1321 1330 1321 1321 1321 1321 1321 1321 3100 1321 1321 1321 1321
1321 1360 1323 1321 1321 1360 1321 1321 1321 1321 2600 2200 1150 1321 1321 1321 1321 2500
1321 1325 1326 2500 1323 1323 1321 1323 1323 2200 1321 1321 1321 1230 1321 1321 1321 1330
1321 1322 1110 1321 1325 1310 1321 1330 1560 1310 1321 1321 2600 1321 1321 1321 1321 1350
1321 1321 1325 1360 1321 1326 2200 1321 1321 1321 1321 1321 1321 1321 1321 1330 1321 1321
1321 1321 1240 1321 1321 1321 1321 1220 1321 1321 1321 1321 1321 1325 1321 1321 1321 1326
1321 1321 1321 1321 1321 1321 1325 1321 1321 1321 1321 1321 6400 1321 1321 1321 1321 1321
1321 1325 1325 1326 1323 1325 1321 1321 1321 1325 1321 1325 1321 1321 1321 1321 1321 1321
1321 1310 1325 1326 1321 1325 1350 1321 1321 1321 1120 2500 1260 1330 1321 1321 1321 6400
1321 1323 1325 1321 1321 1323 2400 1321 1325 1324 1321 1321 1321 1321 2300 1321 1321 1321
1321 1360 1600 1321 1310 1321 1600 1321 1321 1321 1321 1321 1321 1321 1321 2200 1321 1321
1321 1321 1321 1321 1325 1321 1321 1321 2400 1321 1321 1321 1321 1321 1321 1321 1321 1600
1321 1110 1326 1321 1325 1321 1325 1325 1321 1321 1321 2200 2600 2200 1321 1321 1321 1140
1321 1350 1321 1324 1321 2200 1323 1321 1321 5300 1322 1310 1325 6400 1321 1321 6200 1321
1321 1321 1321 1321 1323 1321 1325 1321 1321 1321 1321 1321 1321 1321 1321 1321 1321 1350
1321 1360 1350 1160 1321 1325 1326 1360 1321 1310 1220 1330 1321 1600 1321 1321 2200 1150
1321 1321 1326 1323 1321 1321 1321 1220 1321 1325 1323 1325 1321 1321 1400 1321 1321 2100
1321 1321 1321 1326 1321 1326 1321 1321 1321 1321 1321 1321 1321 1330 1321 1321 1321 1321
1321 1325 1321 1325 1321 1325 1321 1324 1310 1600 1321 1321 1321 1321 1600 1321 1321 1321
1321 1321 1325 1321 1323 1321 1323 1324 1325 1323 1325 1360 1321 1321 1321 1321 1321 3100
1321 1325 1325 1325 1350 1321 1400 1310 1325 1360 1321 1326 1321 1321 1321 1321 1321 1510
1321 1321 1325 1321 1325 1350 1260 1325 1325 4300 1321 1325 1325 2300 1520 4200 1321 1326
1321 1321 1325 1324 1230 1321 1321 1321 1321 1321 1321 1321 6200 1321 1321 1321 1321 1330
1321 1321 1321 1321 1321 1321 6200 1321 1321 1321 1321 1321 1321 1321 1321 1321 1321 2200
1321 1240 1321 1321 1400 1321 1321 1321 1600 1321 1321 1321 2500 1600 1325 1326 1321 1321
1321 1321 1321 1321 1321 1321 1321 1321 1326 1140 1330 1321 1321 1321 1321 1321 2200 1321
1321 1325 1325 1324 1360 1323 1321 1321 1322 1321 1321 1321 1400 1326 1321 1321 1321 1330
1321 1360 1600 1325 1350 1323 1325 1321 1325 1321 1321 1321 1321 1321 1321 1321 1600 1321
1321 1321 1322 1110 1326 1321 1325 1325 1321 1323 1321 1325 1230 1325 4300 1325 1325 1325
1321 1321 1325 1323 1325 1325 1321 1321 1321 1321 1321 1326 1321 1321 1326 1321 1321 1360
1321 1325 1326 1360 1325 1321 1321 1321 2500 1321 2100 1326 1321 1321 1326 1321 1321 1310
1321 1325 1321 1325 1321 1325 1321 1220 4100 1230 1321 1321 1321 1321 1321 1600 1321 1321
1321 1350 5200 1325 1325 1321 1325 1321 1325 5300 1325 1325 1325 1321 1321 1321 1321 1321
1321 1321 1325 1321 1325 1600 1321 1321 1325 1321 1321 1321 1230 1321 1600 1321 1321 1321
1321 1325 1323 1321 1325 1323 1321 1325 1321 1321 1321 1321 1321 1325 1325 1321 1360 1323
1321 1321 1321 1321 1321 1560 1520 1321 1330 1321 1321 1321 1321 1321 1321 1321 1321 1321
1321 1325 1325 1540 1326 1326 1321 1321 1321 1321 1321 1321 1330 1321 1321 1510 1140 1321
1321 1321 1325 1310 1321 1321 1321 1321 1321 1510 4200 1321 1325 1325 1321 1321 1321 2200
1321 1220 1321 1325 1323 1600 1360 1325 1321 1321 1321 1321 1321 1321 2600 1321 2600 1350
1321 1325 1325 1325 1220 1326 1360 1510 5200 1321 1321 1321 1325 1325 1321 1360 1325 1321
1321 1322 1400 1325 1330 1360 1230 1350 1321 1325 1360 1321 1321 1321 1321 2200 2200 2600
1321 1325 1325 1321 1325 1325 1325 1321 1321 1321 1326 1321 4400 1321 1321 1323 1321 1321
1321 1321 1325 1325 1110 1321 1325 1321 1321 1323 1321 2200 1321 1321 1150 1321 1321 1321
1321 5500 1260 6400 1600 1600 1323 1323 1323 1321 1321 1325 1600 1321 1323 1323 1321 2500
1321 1325 1321 1325 1321 1321 1321 1321 1321 1321 1321 1321 1321 1321 1321 1325 1321 1321
1321 1350 1325 1323 1230 1323 1325 1321 1325 1321 1325 2600 1230 1110 1321 1325 1321 1321
1321 1360 1325 1360 2500 1323 1325 1321 1321 1321 1321 1321 1321 1400 1321 1600 1325 1321
1321 1325 1321 1325 2500 2200 1325 1150 1230 1323 1321 1321 1323 1220 5200 1220 1325 1321
1321 1325 1324 1325 1321 1321 1321 1321 1600 1321 1321 1321 1321 1321 1325 1321 1321 1325
1321 4100 1321 1323 1220 1321 1321 1321 1600 1321 1325 1321 1321 1600 1321 1321 1321 1321
1321 1321 1323 1325 1326 1321 1321 1321 1321 1321 1321 1321 1321 1321 1321 1321 1321 1321
1321 1325 1321 1325 1321 4400 1321 1324 1321 1321 1600 1321 1321 4400 1321 1325 1323 1321
1321 1325 1323 1321 1325 1321 1325 1324 1540 1321 1321 5500 1321 1321 1600 1321 1321 1321
1321 1325 1321 1321 1230 1321 1321 1321 1321 1321 1325 1325 1321 1321 1340 1321 1321 1321
1321 1323 1323 1520 2400 1321 1360 2500 1321 1325 1326 1140 1321 1326 1150 1360 1600 1360
1321 1325 1323 1360 1240 1326 1321 1325 1321 1321 1321 1321 1321 1321 1321 1321 1321 1321
1321 1360 1310 1321 1325 1330 1321 1325 1321 1321 1321 1325 1321 1325 1321 1321 1325 5300
1321 1321 1321 1321 1326 1321 1321 1321 1321 1325 1321 6200 1321 1321 1340 1321 1321 1321
1321 1323 1323 1325 1321 1310 1400 1321 1323 1324 1321 1600 1326 1323 1600 1326 1321 1340
1321 1325 1350 1110 1325 1324 1324 1350 1323 1323 1520 1260 1323 2766 5200 1325 1321 1325
1321 1325 1325 1325 1323 1350 1321 1321 1321 1325 1325 1230 1321 1326 1321 1321 2200 1120
1321 1360 1321 1330 1321 1321 1321 1321 1321 1321 1321 1325 1321 1321 1321 1321 1321 1321
1321 1325 1321 1325 1321 1321 1321 1321 1321 1321 1325 1321 1325 1321 1321 1321 1321 1321
1321 1326 1323 1323 1230 1321 1321 1324 1321 1321 6400 1321 1321 2500 1321 2100 1321 1321
1321 1321 1321 1321 1321 1321 1540 1321 1321 1326 1140 1321 1321 1310 1600 1321 1321 1321
1321 1250 4200 4200 4200 1325 1321 1220 1321 1321 1321 1321 1321 1310 1321 1321 1321 1330
1321 1321 1325 1321 1323 1324 1321 1600 1350 1110 1325 1310 1321 1550 1321 1321 1321 1321
1321 1321 1325 1321 1400 1321 1321 1321 1321 1600 1321 1321 1600 1330 1321 1321 1321 1321
1321 1321 1110 1325 1321 1325 1321 1323 1323 1325 1321 1326 1400 1330 1600 1325 1330 1321
1321 1325 1321 1600 1321 1350 1321 1350 1321 1321 1600 1321 1321 1325 2600 1321 1325 1321
1321 1325 1323 1321 1321 1220 1310 1321 1321 1321 1321 1321 1321 1600 1321 1321 1560 1321
1321 1321 1321 1321 1321 1321 1321 1321 1321 1321 1321 1321 1220 1325 1321 1600 1321 1321
1321 1360 1321 1321 1321 1321 1230 1321 4400 1321 1321 1321 1321 1321 1321 1321 1321 1321
1321 1325 1325 2500 1321 1323 5500 4400 1321 1325 1323 1325 1326 1600 1321 1510 1310 1150
1321 1325 1324 1321 1321 1321 1321 1321 1321 6400 1321 1321 1321 1321 1321 1321 1325 1321
1321 1321 1321 1321 1321 1321 1321 1220 1321 1321 1321 1321 1321 1330 2600 2200 1321 1321
1321 1310 1321 1326 6200 1321 1326 1325 1321 1321 1321 6400 1321 1321 1350 1321 1220 1321
1321 1325 1325 1350 1323 1325 1326 1323 1110 1322 1321 1321 1250 1326 1600 1330 1321 1321
1321 1360 1110 1310 1325 1321 1325 1321 1321 1220 1360 1326 1150 1350 1360 1321 1321 1321
1321 1321 1321 1321 1321 1321 1321 1321 1321 2600 2200 1321 5100 1325 1321 1321 1600 1321
1321 1321 1325 1321 1321 1321 1321 1321 1321 1321 1321 1321 1321 1321 1321 1321 1321 1321
1321 1321 1325 1323 1326 1321 1321 2600 1360 1326 1150 1323 1325 1350 1321 1360 1325 1321
1321 1325 1360 1321 1321 1321 1321 1321 1220 1321 1321 1321 1321 1321 1321 1330 1321 1321
1321 1350 1321 1325 1321 1325 1321 1325 1326 5300 1130 1325 1321 1220 1360 1325 1350 4300
1321 1350 1323 1325 1321 1321 1321 1600 1321 1321 1330 1321 1321 1220 1321 1321 1321 1321
1321 1321 1250 1321 1250 1323 1321 1325 6400 1321 1350 1321 1321 1321 1321 1321 1321 1321
1321 1321 1360 1321 1321 1321 1321 1321 1321 1321 1321 1321 1321 1321 1325 1530 1325 1360
1321 1325 1321 1360 1325 1325 1321 1325 1321 1321 1321 1324 1321 1321 5500 1321 1324 1321
1321 1326 1325 1321 1323 1324 1325 1326 1321 1250 1321 1240 1350 6100 1325 1324 1600 1600
1321 1325 1323 1321 1321 1321 1330 1321 1321 1321 1321 1321 1321 1321 6200 1321 1321 1321
1321 1323 1325 1321 1321 1321 1321 1321 1321 1321 1321 1321 1321 1321 1321 1321 1321 1321
1321 1325 1326 1360 1321 1321 1321 1321 1600 1321 1321 1321 1321 1600 1321 1325 1321 1321
1321 1325 1360 1510 1310 1340 1321 1321 1321 1321 1321 1321 1560 1321 1321 1321 1321 1321
1321 1325 1325 1326 1321 1310 1150 1230 1323 1600 1326 6200 1321 1321 1321 1325 1600 1325
1321 1325 1321 1323 1325 1324 1325 1321 1321 1321 1321 2500 1325 1321 1325 1360 1510 1325
1321 1321 1325 6400 1321 1321 1321 1321 1321 1321 1321 1321 1321 5300 1321 1321 1321 1321
1321 1230 1110 1321 1325 1321 1325 6400 2200 1325 6400 1323 1321 1321 1321 1321 1321 1321
1321 1321 1325 1321 1326 1321 1326 1321 1240 1230 1110 1310 1321 1321 1321 1321 1321 1321
1321 1350 1321 1321 1321 1326 1321 1321 1322 1325 1321 1321 1321 1321 1321 1321 2600 1230
1321 1321 1321 1321 1321 1321 1321 1325 1326 1321 1321 1321 1321 1321 1321 1321 1321 1321
1321 1325 1325 1321 1325 1325 1325 1325 1321 1321 1321 1321 1323 1321 1350 1321 1321 1321
1321 1321 1321 1600 2600 2200 1321 1321 1321 1321 1310 1325 1321 1321 1600 1321 1321 1321
1321 1325 1220 1350 1323 1323 1360 1321 1321 5500 2500 1321 1326 1321 1321 1321 1324 1321
1321 1325 1326 1325 1321 1321 1400 1321 1321 1220 1220 1321 1325 1530 1321 1323 1323 1321
1321 1325 1325 1321 1325 1230 1321 1321 1321 1321 1321 1321 2600 1321 1321 1220 1325 1321
1321 1325 1326 1323 1323 1321 1321 1321 1321 1321 1321 1325 2500 1321 1600 1330 1321 1600
1321 1325 1321 1321 1540 1321 1321 1321 1340 1321 2200 1321 1321 1321 1321 1321 1321 1321
1321 1360 1321 1321 1321 1325 1321 1321 1321 1321 1321 1310 1321 1321 1321 1321 1321 1321
1321 1325 1321 1325 1330 5200 1321 1325 1325 1220 1360 4200 4200 1110 1321 1560 1321 1310
1321 1250 1110 1560 1321 3100 1560 1560 1321 1325 1321 1321 1321 1321 1321 2200 1321 1321
1321 1325 1325 1325 1230 1321 1321 1321 1321 1321 1321 1321 1321 1321 1321 1600 1321 1321
1360 1321 1321 1321 1321 1323 2500 1321 1321 1321 1321 1321 1321 1330 2600 1321 1321 1321
1240 1260 1325 1110 1321 1110 1321 1310 1210 1321 1325 5300 1321 1323 1600 1325 1330 1321
1321 1321 1323 1321 5300 1322 1321 1321 1321 1321 2500 1321 1321 1230 1321 1321 1600 1321
1321 1326 1324 1230 1325 1321 1323 1323 1321 1321 1240 1321 1520 2100 2500 1323 1321 1321
1321 1325 1325 1321 1325 1321 6200 1321 1321 2500 1600 1325 1321 1321 1400 1321 1325 1325
1321 1325 1326 1321 1321 1325 4100 1321 1600 1321 1321 1321 1321 1321 1321 1321 1321 6200
1321 1321 1321 1321 1150 1321 1321 1321 1321 1321 1321 1321 1321 2200 1321 1321 1321 1321
1321 1325 1321 1325 1321 1321 1321 1321 1321 1321 1321 1321 1321 1321 1321 1321 1330 1321
1321 1340 1510 5200 1360 1360 1360 1321 1220 1321 1325 1600 1321 1321 1321 1321 1321 1321
1321 1321 1230 1360 1360 1321 1325 1321 1321 1321 1324 1600 1321 1360 1230 1321 1323 2500
1321 1321 1325 1325 2600 1600 1326 1321 1325 1321 1325 1321 1321 1321 1322 1321 1321 2500
1321 1321 1321 1325 1220 1325 1326 1325 1321 1325 1321 1323 1360 1323 1321 1321 1400 1321
1321 1325 1326 1325 5200 1325 1360 1110 1325 1330 1321 1560 1321 1321 1310 1321 1321 1510
1321 1325 1323 1321 1310 1110 1325 1321 1325 2500 1350 1321 1323 2200 1110 4200 1360 1110
1321 1325 1323 1321 1230 1321 1326 1325 1360 1325 3400 1220 1326 1330 1321 1321 1325 1321
1321 5500 1510 1325 1360 1323 1321 1321 1321 1321 1321 1321 1321 1321 1321 1321 1326 1321
1321 1325 5500 1510 6400 1324 1600 1325 1326 1321 1310 1220 1520 1321 3300 1400 1110 1340
1321 1321 1325 1323 1360 4200 1321 1321 1321 1230 1322 1321 1321 1321 1321 1321 1330 1325
1321 1321 1321 1321 1325 1321 1321 1321 1321 1321 1321 1321 1321 1321 1321 1321 1321 1321
1321 1321 1321 1322 1325 2300 1321 1330 1321 1321 1220 1321 1325 1321 1321 1321 1321 1321
1321 1321 1324 1321 1321 1321 1321 6400 1321 1321 1600 1321 1321 1321 1230 1321 1321 1321
1321 1321 1325 1220 1230 1110 1321 1325 1325 1321 1321 1325 1321 1230 1321 1325 1321 1321
1321 5500 1260 6400 1360 1321 3300 1323 2500 1323 1310 1400 1600 1325 2600 1230 1326 1322
1321 1350 1321 1321 1321 1321 1321 6200 1321 1321 1325 1321 1600 1325 1321 1321 1321 1321
1321 1230 1321 1321 1321 1321 1321 6200 1321 1321 1321 1321 1321 1321 1220 1321 1321 1325
1321 1325 1323 1323 1325 1321 1325 1325 1326 1321 1321 1321 1321 1560 1321 1321 1321 1321
1326 1323 1360 1321 1326 1325 1324 1325 1321 1325 1321 1321 5500 1600 1321 1326 1321 1325
1321 1350 1323 1350 1350 4300 1321 1321 1220 1326 1250 1321 1325 1321 1321 1220 1321 1325
1321 1400 1325 1324 1321 1325 1321 1326 1110 1560 1321 3100 4100 1321 1321 1321 1230 1321
1321 1350 1325 1321 1240 1321 1321 1310 1400 1321 1330 1321 1321 1321 1326 1321 1321 2600
1321 1321 1321 1321 1321 1321 1321 1321 1321 1321 1321 2100 1321 1321 1321 1321 1321 1321
1321 1324 1325 1321 1120 1510 1322 1321 1321 1321 1321 1321 6200 1321 1600 1321 1321 1321
1321 1325 1323 1321 1321 1400 1321 1321 1325 1321 6200 1321 1321 1321 1321 1321 1321 6400
1321 1360 1310 1321 1325 1310 1321 1325 1321 1321 1321 1321 1321 1325 1321 1340 1310 1310
1321 1321 1321 1600 1321 1321 1321 1321 1321 1321 1321 1321 1321 1321 1321 4400 1321 1326
1321 1310 1325 1321 1220 1540 1324 1321 1600 1360 1350 1160 1325 1321 1321 1321 2500 2200
1321 1250 1325 1230 1325 1350 1323 1325 1321 1325 1321 1323 1321 1325 1321 1321 1321 1321
1321 1324 1110 1321 1360 6300 4200 1560 1321 1325 1321 1321 1321 1321 1321 1325 1321 1321
1321 1321 1321 1321 1321 1321 1350 1321 1321 1321 1321 2200 1321 1321 1600 1321 1321 1321
1321 1321 1325 1325 1326 1326 1150 1110 1321 1324 1321 1321 1321 1600 1230 1321 1310 1321
1321 1350 1323 1325 1110 1325 1323 1325 1323 1323 1360 1324 1110 1321 1560 1321 1560 1321
1321 1325 1520 1350 4300 1321 1321 1323 1323 2500 1323 1321 1324 1321 1321 1321 1321 1321
1321 1360 1321 1321 1321 1321 1321 1325 1321 4400 1325 1325 4300 1321 1321 1321 1321 1321
1321 1350 1325 4200 5200 4200 1321 1321 1325 1220 1325 1321 1321 1321 1325 1321 1321 1321
1321 1324 1325 1520 1322 1321 1110 1321 1323 1230 1321 1360 1325 1310 1321 1560 1321 1560
1321 1325 1321 1325 1321 1321 1510 1260 1321 1321 1321 1326 1321 1321 1321 1321 1321 6400
1321 1350 1323 1321 1325 2500 1323 1321 1600 1325 6400 2200 1321 1321 1325 1600 1321 1325
1321 1325 1325 1323 1321 1321 1321 1600 1321 1321 1321 1321 1321 1321 2600 2200 1321 1321
1321 1325 1321 1321 1321 1321 1321 1321 1330 1330 1321 1321 1321 2300 1321 1321 1321 1321
1321 1322 1325 1323 1110 1310 1220 1110 1321 1321 1321 5100 1321 1321 1321 1321 1321 5300
1321 1323 1321 5300 1321 1321 1321 1321 1321 1325 1230 1325 4300 1600 1321 1323 1323 1325
1321 1321 1321 1321 1321 1321 1321 1321 1321 1321 1321 1321 1321 1321 1321 1321 2600 1321
1321 1321 1321 1321 1321 1321 1321 1600 1321 1321 1321 1321 1321 2500 1321 1321 1321 1321
1321 1325 1321 1325 1325 1321 1323 1321 1323 1321 1321 1321 1600 1321 1321 1321 1321 1321
1321 1321 1325 1325 1326 1322 1321 1321 1321 1321 1321 1321 1321 2200 1600 1321 2500 1321
1321 1321 1325 1325 1323 1325 1326 5300 1326 1321 1360 1323 1325 1326 1325 1321 1550 1321
1321 1321 1325 1325 1325 1326 1321 1321 1321 1321 1321 1310 1321 1321 1220 1321 1321 1400
1321 1323 1321 5200 1520 1130 1323 1325 1321 1323 1325 1321 1325 1321 1325 1321 1325 1230
1321 1321 1321 1210 1325 1321 1321 1321 1321 1600 1321 1330 6100 2200 1321 2600 1325 5500
1321 1325 1325 1325 1321 1325 1321 1340 1310 1340 1325 1321 1326 1323 1321 1325 1220 1321
1321 1350 6400 1323 1350 1323 1325 1321 1310 1220 1324 1321 2200 1600 1321 1321 1600 1321
1321 1330 1321 1321 1321 2200 1325 1321 1325 1321 1321 1310 5500 6200 1321 1321 1321 1321
1321 1325 1321 1325 1323 6400 1400 1321 1323 1321 1321 1323 1220 2600 1230 1350 1321 1323
1321 1321 1325 1600 1321 1321 5300 1310 1321 1321 1321 1321 1230 6300 1330 1321 1321 1321
1321 1325 1350 1323 1323 1323 1360 1510 5200 1321 1321 1321 1325 1321 1321 1321 1600 1321
1321 1321 1321 1400 1321 1340 1321 1321 1325 1321 1321 2100 1321 1321 1325 1325 1321 1321
1321 1321 1321 1220 1350 1510 5400 4300 1321 1321 1321 1321 5100 1325 1321 1321 1321 1321
1321 1321 1326 1323 1350 1323 1325 5300 1250 1325 1250 1325 1321 1325 1321 1325 6400 1325
1321 1321 2200 1321 1230 1326 1321 1321 1321 1321 1325 1325 1230 1321 1326 1325 1321 1325
1321 1321 1321 4200 1325 1323 1321 1325 1325 1321 1325 1230 1110 1400 1325 1321 1321 1321
1321 1325 2349 1325 1325 1325 1326 1321 1310 1220 1210 1321 1321 1321 1325 6400 1321 1321
1321 1325 1325 1321 1325 1600 1321 1326 1321 1321 1321 1321 1321 1321 1321 6200 1321 1321
1321 1360 1321 4200 1326 1325 1321 1321 1321 1321 1321 1321 1600 1321 1220 1326 1321 1560
1321 2600 1321 1325 1321 1325 1321 1326 6200 1321 1321 1326 1321 1321 1321 1321 1600 1321
1321 1321 1325 1600 1321 5200 1321 1321 1326 1321 1326 1321 1326 1321 1321 1321 1321 1325
1321 1323 1321 1321 1321 1600 1321 1321 1326 1321 1321 1326 1321 1321 1321 1321 1321 1321
1321 1250 1360 1326 1140 1321 1326 1321 1321 1400 1520 1260 1321 1321 1325 1510 1400 1360
1321 1325 1325 1220 1360 1325 1322 1325 1321 1325 1230 1321 1310 1321 1325 1321 1326 1321
1321 1325 1230 1360 1230 1110 1325 1325 1321 1321 1321 1321 1324 1321 1321 1321 1321 1321
1321 1321 1321 1321 1321 1321 1321 1321 1321 1321 1326 4200 1360 1325 1321 1321 1321 1321
1321 1360 1321 1321 1321 1321 1321 1321 1330 1230 1321 1321 1321 1321 1321 1321 1321 1321
1321 1321 1321 1321 1310 1325 2500 1321 1321 5300 1321 1321 1321 1321 1600 1321 1321 1321
1321 1360 2300 1321 1321 1321 1321 1321 1321 1321 1310 1325 1321 1321 1321 1321 1321 1321
1321 1325 1323 1325 1321 1321 1321 1321 1321 1321 1321 1321 6400 1321 1321 1321 1330 1321
1321 1350 1350 4300 1321 1321 1326 1325 1321 1360 1321 1321 1321 1321 1321 1321 1321 1324
1321 1325 1323 1324 1323 1323 1323 1240 1321 1321 1321 1321 1321 1600 1321 1321 1321 6400
1321 1326 1321 5300 1321 1321 1220 6400 1321 1321 1325 1321 1321 1321 1321 1321 1321 1321
1321 1325 1360 1325 1310 1321 1326 1600 5100 1325 1321 1560 1326 1321 1321 1321 1321 1321
1321 1321 1325 1325 1326 1321 1321 1321 1323 1325 1321 1360 1130 1220 1321 1360 5200 1325
1321 1326 1600 1321 4200 1321 1321 1321 1325 1321 1321 1321 1321 1310 1321 1321 1321 1321
1321 1325 1360 1325 4300 1310 1321 1321 1321 5300 1340 1321 1321 1321 1321 1325 1321 1321
1321 1321 1326 1325 1350 1321 1321 1230 4200 4200 1321 1321 1321 1321 1321 1325 1321 2200
1321 1321 1321 1321 1321 1321 2200 1321 1321 1321 1510 4200 1350 1321 1325 1321 1321 1321
1321 1321 1325 1321 1325 2500 1321 1325 1321 1326 6300 1310 1321 1321 1321 1321 1321 1321
1321 1325 1321 1325 2100 1321 1325 1326 1322 1321 1321 1322 1110 1321 1321 1321 1321 1321
1321 1323 1220 1323 1321 1325 1321 1325 1321 1220 1220 1350 1321 1325 1321 1325 1321 1323
1321 1321 1321 1321 1321 1150 1321 1321 1321 1321 1321 1321 1600 1321 1321 1321 1321 1321
1321 1321 1325 1326 1322 1310 1550 1321 1321 1321 1324 1150 1360 5300 5200 4200 1321 1220
1321 1321 1321 1321 1321 1321 1321 2600 1321 1321 1321 1321 1321 1321 1330 6100 2200 1321
1321 1325 1325 1325 1326 1360 1321 1321 1321 1321 1230 1360 4200 1321 1321 1321 1321 1330
1321 1321 1321 1321 1321 1321 1321 1325 1321 1310 1110 1321 1321 1321 1321 1321 1321 1321
1321 1323 1326 1360 1321 1321 1321 1325 1530 1310 1321 1321 1330 1321 1321 1321 2200 1321
1321 1321 1321 1321 1321 1325 1321 1321 1325 1321 1321 1321 1321 1321 2600 2200 1321 1600
1321 1321 1321 1325 1325 1326 1321 1325 1321 1325 1321 1321 1321 1321 6400 1321 1321 1325
1321 1321 1321 1321 1324 6400 1321 1321 1323 1321 1321 1321 1600 1321 1321 1321 1321 1321
1321 1321 1220 1330 1321 5100 1321 1321 1321 1321 1321 1321 1600 1321 1321 1321 1321 1321
1321 1325 1325 1326 1325 1240 1360 1360 1360 1325 1321 1360 1325 1350 1321 1321 1325 1325
1321 1321 1321 1600 1321 1321 1321 1321 1321 1321 1600 1321 1321 1321 1321 1321 1321 1321
1321 1325 1323 1321 1321 2200 5500 1321 1321 1321 1321 1600 1321 1321 1321 1321 1321 2200
1321 1350 1321 1325 1326 1321 1321 1321 1321 1321 1321 1360 1325 1220 4300 1310 1321 1321
1321 1360 1360 1322 1321 1325 1321 1321 1325 1325 1321 1321 1321 1321 1325 1321 1330 1321
1321 1325 1321 1325 1321 1321 1321 1321 1326 1321 1325 1325 1321 6200 1321 1321 1321 1321
1321 1321 1325 1321 1321 1322 1321 1321 1321 1321 1330 1321 1321 1330 1321 1330 1600 1321
1321 1325 1321 1325 1230 1310 1110 1326 1321 1321 1321 1326 1321 1321 5500 1321 1321 1325
1321 1321 1350 1325 1321 1321 1600 1321 1321 1600 1321 1321 1325 1321 1321 1600 1325 1321
1321 1600 1326 1323 1321 1321 4400 1321 1325 1220 1323 1325 1321 5200 1321 1321 1321 1321
1321 1321 1250 1321 1326 1321 1326 1321 1321 1321 1324 1400 1321 1323 2600 1230 1323 1520
1321 1321 1321 1321 1310 1321 1325 1321 1321 1330 1321 1321 1321 1321 1321 1321 1321 1321
1321 1321 1250 4200 1360 1326 1150 1360 1321 1321 1325 1321 1321 1324 6400 1321 1600 1321
1321 1321 1325 1321 1324 6400 1321 1326 1325 1326 1324 1323 1600 1321 1325 1230 1600 1321
1321 1325 1325 1325 1360 4200 1321 1321 1360 2300 4200 1350 1321 1321 1321 1321 1325 1321
1321 1321 1321 1321 1321 1325 1220 1321 1325 1325 1326 1321 1321 1321 1340 2600 1360 1321
1321 1321 1325 1321 1325 1321 2100 1321 1321 1323 1321 1325 1321 1326 1321 1323 1321 1321
1321 1325 1321 1321 1321 1321 1321 1321 1321 1321 1325 1321 1325 1325 1220 1321 1321 1321
1321 1323 1325 2400 1321 1325 1325 1321 1325 1321 1325 1321 1321 1321 1321 2500 1321 1321
1321 1321 1325 1350 1325 1321 1220 1321 1350 1260 2500 1325 1321 1321 1321 1321 1321 1321
1321 1321 1321 1360 1321 1321 1325 1325 1325 1321 1321 1321 1240 1360 1321 1321 1321 1323
1321 1360 1323 1321 1325 1321 1360 1321 1321 1321 1321 1240 1321 1325 1325 1321 1325 1325
1321 1324 1321 1325 1321 1325 1321 1326 1325 1321 1325 1321 1326 1400 1321 1510 4200 1321
1321 1323 1323 1325 1325 1220 1220 1325 1323 1321 5500 1510 1322 1321 1323 1323 1350 1350
1321 1321 1323 1325 1321 1325 1230 1321 1321 1322 1325 1321 1321 1360 1325 1321 1321 1325
1321 1323 1321 1321 1321 1321 1321 1321 1321 1321 1321 1321 1321 1321 1600 1321 1321 1321
1321 1350 1325 4200 2600 1321 1360 1325 6100 1325 1321 1325 1400 1600 1600 1325 1321 1321
2600 1600 1326 1325 1600 1321 1325 6400 1600 1321 1323 1326 1321 1325 1321 1321 1323 1323
1321 1325 1325 1326 1322 1322 1321 1325 1110 1325 1230 3400 1540 1323 6200 1321 1325 1350
1321 1325 1321 1321 1321 1321 1325 1321 1321 1321 1220 2600 1321 1321 1321 1321 1321 1220
1321 1110 1325 1360 1325 1321 1321 1325 1321 1325 1324 1325 1321 1325 1321 1323 1326 1323
1321 1321 1325 1321 1321 1321 1321 1321 2500 1600 1326 1321 1321 1321 1321 6200 1321 1321
1321 1325 1321 1325 1323 1321 1325 1321 1120 2500 1321 1326 1325 1350 1321 1360 1510 1325
1321 1340 1510 1310 1340 1322 5200 4300 1321 1321 1321 5500 1325 1360 1321 1321 1321 1360
1321 1400 1321 1220 1310 1325 6400 1321 1321 1600 1321 1321 1321 1321 2600 1321 5200 1325
1321 1230 1360 1360 1110 1321 1360 1321 1323 1360 1140 1325 1323 1325 1321 1325 1350 2300
1321 1321 4100 1321 1321 1321 1600 1321 1321 1321 1325 1321 1321 1600 1230 1321 1321 1321
1321 1321 1325 1321 1321 1600 1321 1321 1321 1321 2600 2200 1321 1321 1321 1321 1321 1321
1321 1322 1321 1240 1321 1321 1321 1321 1321 1324 1600 1321 1321 1321 1600 1400 1321 1600
1321 1321 1350 1323 4200 1360 1321 1321 1325 4100 1321 1321 2500 1321 1325 1321 1321 1321
1321 1325 1325 1325 1326 1150 1321 1326 1321 1321 1321 1321 1321 1321 1321 1310 1321 1321
1321 1325 1323 1321 1323 1326 5300 1323 1321 1321 4200 4200 1321 1321 1321 1321 1310 1321
1321 1321 1325 1325 1350 1321 1325 1325 1321 1325 1321 1321 1321 1321 1326 1140 1323 1321
1321 1323 1323 1325 1321 1326 1321 5200 1330 1321 1321 1321 1321 4400 1321 1325 1321 2200
1321 1321 1400 1321 1240 1260 1321 1321 1325 1321 1321 1321 1321 1321 1321 1321 1325 1323
1321 1325 1324 1323 1325 1326 1360 1321 2600 1321 1250 1250 1110 1350 6300 1321 1110 1321
1321 1321 1323 1325 1321 1325 1321 1326 4400 1321 1360 1325 1322 1321 1321 1321 1560 1326
1321 1324 1321 1325 1510 1326 1324 1321 1321 1326 1321 1321 1230 1321 1510 1322 1321 1321
1321 1323 1323 1325 1326 1321 1321 1325 1321 1321 1321 1321 1325 1321 1326 1321 1321 1321
1321 1325 1325 1323 1321 2200 1600 1321 1321 1321 1321 1321 2600 1350 1321 1321 1321 4100
1321 1360 1321 1360 1321 1321 1321 1321 1321 1321 1321 1321 1321 1321 1321 1321 1321 1321
1321 1321 1321 1321 1321 1321 5100 1310 1600 1321 1321 1321 1321 4400 1321 1321 1321 1321
1321 1310 1350 1330 1321 1240 1321 1321 1600 1325 1325 1321 1321 1350 6400 1310 1600 1321
1321 1360 1350 1326 2500 1323 2500 1110 1321 1310 1321 1321 1321 1600 1321 1321 6200 1321
1321 4300 1310 1321 1321 1325 1321 1321 1220 6400 1321 1321 1321 2600 1321 1321 1600 1330
1321 1321 1324 1310 1321 1326 6200 1321 1321 6200 1321 1321 1325 6400 1321 1321 1324 1321
1321 1323 1321 1325 1321 1321 1321 1326 1321 1326 1321 1325 1321 1321 1321 1321 1321 1321
1321 1325 1323 1321 1321 1321 1326 1321 1321 1325 1110 1321 1350 1321 1321 1321 1321 1321
1321 1325 1325 1321 1325 1326 1321 1321 1321 1321 1321 1321 1321 1321 1321 1321 1321 1321
1321 1325 1321 1321 1325 1321 5300 1326 1321 1321 1321 1321 4100 1230 1321 1321 1321 1321
1321 1325 1321 1321 1321 1321 1321 1321 1321 1321 2100 1321 1321 1325 1600 1321 1321 1321
1321 1600 1321 1323 1321 1321 1321 1321 1220 1323 1321 5100 1325 1321 1321 1600 1321 1321
1321 1325 1325 1325 1323 1600 1321 1321 1321 1321 1600 1321 1321 6200 1321 1360 1321 1321
1321 1321 1321 1326 1321 1326 1321 1250 1250 1323 1325 1321 1325 1321 1321 1326 1321 3300
1321 1321 1250 1140 1326 1330 1321 1321 1325 5500 1310 1150 1321 1321 1550 1321 1324 6400
1321 1325 1321 1323 1321 1321 1321 1321 1540 1326 1321 1321 1321 1321 1321 1520 1321 1321
1321 1321 1325 1325 1326 1140 1325 6400 1325 1325 5300 1325 2600 1350 1323 1310 1160 1220
1321 1321 1220 1321 1321 1321 1321 1321 1321 1321 1321 1321 1321 1321 1600 1330 1321 1321
1321 1360 1240 1326 1321 1321 2200 1325 2400 2200 1321 1325 1321 1321 1321 6200 1321 1321
1321 1321 1600 1321 1321 1400 1321 1321 1321 1321 1600 1321 6200 1321 1321 1600 1325 1321
1321 1321 1321 1321 1323 1321 1321 1321 1321 1321 1321 1321 1325 1321 1321 1321 1321 1321
1321 1321 1325 1321 1350 1321 1321 1600 1230 1321 1321 1321 1321 1321 1325 1321 1321 1321
1321 1325 1240 1321 1340 1321 1321 1321 1321 1321 1321 1321 1321 1321 1321 1220 2600 1321
1321 1310 1323 1321 1326 1250 1110 1321 1360 1325 1321 1325 1321 1321 1325 1600 1321 1321
1321 1321 1325 1321 1321 1321 1325 2600 1360 5200 1325 1321 1321 1321 1321 1321 1321 1400
1321 1325 1326 5500 1321 1326 1321 1321 1321 1321 1321 1325 1321 1325 2500 1321 1321 5500
1321 1321 1321 1321 1324 5600 1350 1360 4200 1310 1321 1325 1321 1321 1321 1321 6200 1360
1321 1321 1325 1230 1350 1326 1325 1321 1321 1323 1321 1321 1325 1321 1250 1324 1321 1325
1321 1321 1325 1321 1321 1326 1321 1321 1321 1325 1530 1321 1325 1600 1321 1321 1321 1600
1321 1350 1350 1321 1325 1321 1321 1321 1321 2600 2200 1220 1321 2100 1330 5500 1321 1321
1321 1323 1321 1321 1250 1325 1321 1321 1220 1360 1325 1350 1321 1325 1600 1321 1325 1321
1321 1325 1326 4400 1321 1325 1325 1321 1325 1321 1220 1322 1321 1321 1322 1321 1321 1321
1321 1321 1325 1326 1250 1321 1321 1321 1324 1600 1321 1321 1321 1323 1321 1321 1321 1321
1321 1325 1325 1325 1326 1322 1321 1321 1323 1321 1321 1310 1310 1310 1360 1510 1140 1321
1321 1325 1323 1325 1321 1326 2300 1321 1321 1321 1325 1360 1321 1330 1321 1321 1321 2100
1321 1321 1321 1321 1321 1600 1321 1321 1321 1321 1321 1220 2600 1321 2100 1321 1323 1323
1321 1325 1321 1325 1321 1321 1325 1321 1325 1321 1321 1321 1321 1321 1321 2500 6400 1321
1321 1325 1360 1325 2500 1321 1321 1321 1321 1600 2600 1321 1321 1240 1321 1321 1323 1321
1321 1360 1325 4300 1321 1560 1321 1321 1325 2500 1321 1321 1321 1321 1321 1321 1321 2200
1321 1325 1323 1321 1323 1323 1325 1326 1323 1321 1240 1321 1220 1324 1321 1600 1323 1326
1321 1321 1325 1321 4400 1321 2600 1230 1323 1321 1321 1340 1321 1321 1321 1350 1321 1321
1321 1325 1325 1326 1321 1310 1321 1321 1321 1330 2200 1340 6400 1321 1321 1321 1321 1321
1321 1325 1321 1321 1323 1321 1321 1540 1600 1321 1321 1321 1321 1321 1321 1321 1321 1321
1321 1321 1325 1321 1240 1260 1321 1321 1400 1321 1321 1240 1321 1321 1325 1230 1350 1323
1321 1321 1325 1321 1324 1321 1323 1323 1321 1325 1330 1321 1321 2200 1220 1323 1321 1321
1321 1325 1321 1350 1322 1310 1321 1340 1510 1322 1340 1340 1340 1321 1360 4100 1321 1321
1321 1360 1326 1360 1321 1321 1321 1310 1321 1321 1600 1321 1321 1321 1321 1321 1321 1350
1321 1325 1326 1323 1321 1321 1321 1510 1326 1321 1321 1321 1325 1321 6200 1321 1321 1321
1321 1325 1326 1323 1325 1321 1321 1310 1600 1321 1321 1321 1321 1321 1321 1321 1321 1321
1321 1321 1326 1400 1321 4200 4200 1321 1321 1321 1321 1220 1321 1321 6400 1321 1321 1321
1321 1324 1110 1321 1324 1323 1325 1350 1360 1600 1321 1321 1321 4200 4100 1321 1321 2100
1321 1325 1321 1325 1326 1321 1321 1321 1321 1400 1321 1321 1321 1321 1321 1321 1321 1321
1321 1321 1321 1325 5500 1310 1323 6400 1600 1321 1321 1321 1321 1321 1360 5200 1326 1110
1321 1230 1321 1321 2200 1325 1323 1321 1321 1321 1321 1520 4200 1321 1321 1323 5500 5400
1321 1340 1325 1321 1325 1323 1325 1326 1324 1110 1322 1321 1350 1321 1323 1323 1323 1400
1321 1321 1325 1321 1325 1510 5200 1321 1325 1325 1321 1321 1321 1321 1360 1350 6400 1325
1321 1321 1325 1321 1325 1323 1321 1321 1600 1321 1321 2300 1321 1321 1321 1321 1321 1321
1321 1321 1240 1350 1540 1250 1323 1321 1321 1321 1322 1325 1321 1325 1360 1321 1321 1321
1321 1250 1326 1321 1321 1130 1321 2200 1321 1321 1325 1321 1325 2500 1321 1321 1321 1326
1325 1325 1325 1321 1321 1321 1325 2400 1321 1360 5200 1220 1220 1321 1321 1322 1324 1321
