5 2 3 7 1 2 3 4 4 5 0 0 0 0 0 0 0 0 0 0 0 0 0 0 0 0 0 0 0 0
1 2 3 4 7 8 3 0 0 0 0 0 0 0 0 0 0 0 0 0 0 0 0 0 0 0 0 0 0 0
1 2 7 7 9 0 2 3 0 0 0 0 0 0 0 0 0 0 0 0 0 0 0 0 0 0 0 0 0 0
7 5 4 3 9 1 2 3 5 6 9 3 4 5 0 0 0 0 0 0 0 0 0 0 0 0 0 0 0 0
2 7 8 3 4 0 0 0 0 0 0 0 0 0 0 0 0 0 0 0 0 0 0 0 0 0 0 0 0 0
3 4 5 6 2 9 8 1 2 6 7 3 4 9 0 0 0 0 0 0 0 0 0 0 0 0 0 0 0 0
1 3 7 2 3 3 8 0 0 0 0 0 0 0 0 0 0 0 0 0 0 0 0 0 0 0 0 0 0 0
6 2 6 9 2 3 7 5 2 8 4 3 3 8 0 0 0 0 0 0 0 0 0 0 0 0 0 0 0 0
1 8 7 2 4 5 6 3 0 0 0 0 0 0 0 0 0 0 0 0 0 0 0 0 0 0 0 0 0 0
9 6 6 3 8 2 3 6 0 0 0 0 0 0 0 0 0 0 0 0 0 0 0 0 0 0 0 0 0 0
8 4 3 2 6 5 0 0 0 0 0 0 0 0 0 0 0 0 0 0 0 0 0 0 0 0 0 0 0 0
7 2 4 5 6 2 7 0 0 0 0 0 0 0 0 0 0 0 0 0 0 0 0 0 0 0 0 0 0 0
9 1 2 4 5 3 6 7 8 2 0 0 0 0 0 0 0 0 0 0 0 0 0 0 0 0 0 0 0 0
4 6 3 8 7 6 7 8 3 0 0 0 0 0 0 0 0 0 0 0 0 0 0 0 0 0 0 0 0 0
1 7 4 5 2 9 3 4 7 0 4 5 7 2 6 7 3 9 1 6 5 0 0 0 0 0 0 0 0 0
1 6 5 3 7 2 2 3 9 3 2 4 6 7 0 0 0 0 0 0 0 0 0 0 0 0 0 0 0 0
6 3 8 2 3 6 0 0 0 0 0 0 0 0 0 0 0 0 0 0 0 0 0 0 0 0 0 0 0 0
3 4 5 6 2 9 8 1 2 6 7 3 4 9 2 3 7 1 0 0 0 0 0 0 0 0 0 0 0 0
1 2 7 9 0 2 3 0 0 0 0 0 0 0 0 0 0 0 0 0 0 0 0 0 0 0 0 0 0 0
2 3 5 2 8 4 3 8 0 0 0 0 0 0 0 0 0 0 0 0 0 0 0 0 0 0 0 0 0 0