1321 1321 1321 1321 1321 1321 1321 1321 1321 1321 1321 6400 1321 1321 1321 1321 1321 1321
1321 1321 1321 1321 1321 1321 1321 1321 1321 1321 1321 1324 1323 1321 1321 1321 1321 1360
1321 1321 1321 1360 1360 1321 1321 1321 1326 1321 1326 1321 1325 1325 1321 1325 4200 1321
1321 1350 1323 1321 1321 1321 1323 1321 1321 1324 1321 1321 1325 1323 1323 1321 1321 1321
1321 1321 1321 1250 1325 5200 1325 1321 1321 1321 1321 2400 1321 1321 1321 1321 1321 2200
1321 1321 1321 1321 1321 1321 1321 1321 1321 1324 1540 2400 1321 1321 1321 1321 1324 1600
1321 1321 1326 1325 1520 1322 1321 1323 1510 1350 1326 2500 1321 1325 1600 1321 1321 1140
1321 1321 1321 1321 1321 1321 1321 1321 1321 1321 1321 1310 1321 1321 1321 1321 1321 1321
1321 1321 1340 1510 1310 1340 1321 5200 1360 1325 1325 2600 1321 1321 1321 1323 1150 1350
1321 1321 1321 1321 1321 1400 1321 1326 1321 1321 1321 1600 1321 1321 1321 1321 1321 6200
1321 1321 1321 1321 1321 1321 1321 1326 1321 1326 1321 1321 1321 1321 1321 1325 1321 1350
1321 1321 1321 1321 1321 1310 1321 1321 1321 1321 1321 2600 1321 1321 1321 1321 1321 6200
1321 1321 1321 1321 1321 5300 1340 1510 1322 1321 1321 1550 1321 1321 1321 1321 1321 1330
1321 1321 1321 1321 1321 5600 1321 1321 1321 1321 1321 1550 1321 1321 1321 1321 1321 1321
1321 1321 1321 1340 1340 1321 1321 1322 1321 1321 1321 1322 1321 1321 1321 1321 1310 1310
1321 1321 1321 1321 1321 2600 2200 1600 1321 1321 1321 1321 2100 1321 1321 1330 1321 1321
1321 1321 1321 1321 1322 1340 1321 1325 1321 1321 1325 2400 1321 1325 1325 1321 1325 1230
1321 1321 1325 1321 1326 1325 1321 1321 1360 1240 1326 4400 1321 1325 1323 1321 1325 1330
