5 2 3 7 1 2 3 4 4 5 11 11 11 11 11 11 11 11
1 2 3 4 7 8 3 11 11 11 11 11 11 11 11 11 11 11
1 2 7 7 9 11 2 3 11 11 11 11 11 11 11 11 11 11
7 5 4 3 9 1 2 3 5 6 9 3 4 5 11 11 11 11
2 7 8 3 4 1 11 11 11 11 11 11 11 11 11 11 11 11
3 4 5 6 2 9 8 1 2 6 7 3 4 9 11 11 11 11
1 3 7 2 3 3 8 1 1 11 11 11 11 11 11 11 11 11
6 2 6 9 2 3 7 5 2 8 4 3 3 8 11 11 11 11
1 8 7 2 4 5 6 3 11 11 11 11 11 11 11 11 11 11
9 6 6 3 8 2 3 6 11 11 11 11 11 11 11 11 11 11
8 4 3 2 6 5 11 11 11 11 11 11 11 11 11 11 11 11
7 2 4 5 6 2 7 11 11 11 11 11 11 11 11 11 11 11
9 1 2 4 5 3 6 7 8 2 11 11 11 11 11 11 11 11
4 6 3 8 7 6 7 8 3 11 11 11 11 11 11 11 11 11
1 7 4 5 2 9 3 4 7 11 4 5 7 2 6 7 3 11
1 6 5 3 7 2 2 3 9 3 2 4 6 7 11 11 11 11
6 3 8 2 3 6 11 11 11 11 11 11 11 11 11 11 11 11
3 4 5 6 2 9 8 1 2 6 7 3 4 9 2 3 7 1
1 2 7 9 11 2 3 11 11 11 11 11 11 11 11 11 11 11
2 3 5 2 8 4 3 8 11 11 11 11 11 11 11 11 11 11