1321 1321 1321 1321 1321 1321 1321 1340 1325 1325 1323 1321 1326 1321 1321 2400 1321 1321
1321 1321 1321 1321 1321 1330 1321 1321 1321 1321 1321 1321 1321 1321 1321 1321 1321 1321
1321 1321 1321 1321 1321 1321 1321 1326 1321 1321 1321 1321 1321 1321 1321 6400 1321 1321
1321 1321 1321 1321 1321 1321 1324 1321 1321 1321 1321 1321 1321 1400 1321 1321 1321 1326
1321 1321 1550 1321 1321 1321 1330 1321 1321 1321 1321 1321 1326 1321 1321 1321 1321 1321
1321 1321 1321 1321 1350 1323 1321 1140 1321 1321 1321 1321 1321 1321 1321 1321 1321 1324
1321 1321 1321 1321 1321 1321 1321 1321 1321 1321 1321 1321 1321 1321 1321 1321 1321 1321
1321 1321 1321 1321 1321 1321 1321 1310 1321 1321 1321 1321 1321 1321 1321 1321 1321 1360
1321 1321 1150 1350 1321 1321 1321 1321 1321 1321 1321 1321 1321 1321 1550 1321 1321 1321
6200 1321 1321 1321 1321 1326 1321 1321 1321 1321 1321 1600 1310 1321 6200 1360 1321 1323
1321 1321 1321 1321 1321 1321 1321 1321 1340 1540 1321 1321 1325 1510 1310 1310 1321 1321
1321 1321 1321 1321 1310 1321 1321 1321 1321 1321 1321 1321 1321 1321 1321 1321 1321 1321
1321 1250 1321 1321 1321 1321 1321 1321 1323 1321 1321 1321 1321 1321 1321 1321 1321 1321
1321 1321 1321 1321 1360 1321 1321 1321 1321 1321 1321 1321 1321 1321 1321 1321 1321 1321
1321 1321 1321 1321 1321 1321 1321 1321 1321 1321 1321 1321 1321 1326 1321 1321 1321 1321
1321 1321 1321 1321 1321 1321 1321 1321 1321 1321 1321 1321 1321 1321 1326 1321 1321 1321
1321 1321 1321 1321 1321 1321 1321 1321 1321 1321 2600 1321 1321 1321 1321 1321 1321 1321
1321 1321 6200 1321 1321 1321 1321 1321 1324 1340 1321 1600 1321 1321 1321 1321 1321 1321
1321 1321 1321 1321 1321 1321 1321 1326 1323 1321 1321 1321 1360 1321 1326 1326 1321 1400
1321 1321 1321 6200 1310 1321 1321 1321 1325 1326 1350 1510 1310 1321 1321 1321 1321 1321
1321 1321 1321 1321 1310 6200 1310 1321 1321 1324 1325 1321 1325 1326 1321 1325 1325 1322
1321 1321 1321 1321 1321 1321 1321 1321 1321 1321 1321 1321 1326 1321 1321 1150 1350 1326
2200 1323 1321 1360 1321 1321 1324 1540 1322 1323 1321 1321 1326 1321 1321 1321 1321 1321
1324 1310 6200 1322 1321 1321 1321 1321 5600 1321 1321 6200 1321 1321 1321 1321 1321 1321
1321 1321 1321 1321 1321 1321 1321 1321 1321 1321 1324 1326 1321 1322 1321 1326 1326 1321
1321 1321 1321 1321 1326 1322 1321 1321 1321 1326 1321 1321 1321 5200 1325 1321 5200 2500
1323 1321 1321 1321 1321 1321 1321 1326 1321 1321 1321 1321 1321 1321 1321 1321 1325 1321
1321 1321 1321 2600 1321 1321 1340 1325 1360 2600 1321 1326 1321 1321 1321 1321 1321 1321
1321 1321 1321 1321 1321 1321 1321 1321 1321 1321 1321 1321 1326 1321 1321 1321 1360 1340
1321 1321 1310 1321 1321 1321 1321 1321 1321 1321 1321 1321 1321 1326 1321 1321 1600 1321
1321 1321 1321 1321 1321 1360 1400 1321 1321 1321 1321 1321 1321 1321 1324 4200 1321 1321
1321 1321 1321 1321 1321 1321 1321 1321 1321 1321 1321 1321 1321 1321 1321 1321 1321 1321
1321 1321 1321 1321 1321 1310 1321 1321 6200 1321 1321 1321 1321 1321 1321 1321 1321 1321
1321 1321 1324 1321 1326 1322 1321 1321 1321 1321 1321 1321 1323 1321 1321 1321 1321 1321
1330 1321 1321 1321 1321 1321 1321 1321 1321 1321 1321 1321 1321 1321 1321 1321 1321 1321
1510 1564 1321 1321 1326 1321 1330 1325 1321 1321 1321 1323 1325 1321 1321 1340 1323 1321
2200 1520 2400 1321 1321 1321 1321 1360 1321 1321 1321 1310 1321 1321 1321 1321 1326 1321
1400 1321 1321 1360 1321 1321 1321 1321 1321 1321 1321 1321 1321 1321 1321 1321 1321 1321
1321 1321 1321 1321 1321 1321 1324 1323 1321 1321 1324 1323 1321 1321 1321 1321 1321 1321
1321 1321 1321 1321 1321 1321 1321 1321 1321 1340 1540 1323 1321 1321 2400 1321 1321 1250
1321 1321 1321 1321 1321 1321 1321 1321 1321 1321 1321 1321 1321 1350 1323 1321 1321 1321
1321 1350 1340 1321 1150 1350 1321 1321 1321 1321 1321 1321 1321 1140 1321 1321 1321 1321
1321 1321 2200 1340 1510 1540 1322 1350 1326 1321 1321 1321 1321 1321 1323 1321 1321 1323
1321 1321 1321 1321 1360 1310 1340 1321 1321 1321 1321 1321 1321 2200 1321 1321 1321 1321
1321 1321 1321 1321 1321 1321 1321 1321 1321 1321 1321 1321 1250 2600 1321 1321 1321 1321
1321 1321 1321 1321 1321 1326 1321 1321 1321 1321 1321 1321 1321 1321 1324 1600 1321 1321
1321 1321 1321 1321 1321 1321 1321 1321 1321 1321 1321 1321 1321 1321 1321 1550 1321 1321
1321 1321 1321 1321 1321 1350 2200 1321 1321 1321 1150 1540 2400 1321 1550 1321 1321 1360
1321 1321 1550 1321 1321 1321 1321 1324 1540 1350 1321 1321 1321 1323 1321 1321 1321 1321
1321 1321 1321 1321 1321 1321 1321 1321 1321 1321 1321 1321 1321 1321 1321 1321 1321 1321
1323 1321 1321 1321 1321 1321 5300 1350 1330 1321 1350 2400 1140 1321 1323 1321 1321 1321
1321 1321 1321 1324 2400 1321 1321 1321 1321 1321 1326 1321 2500 1323 1321 1340 1321 1321
1321 1321 1321 1321 1321 1321 1321 1321 1321 1321 1321 1321 1340 2600 1321 1321 1321 1321
1321 1321 1321 1321 1324 2600 1321 1324 1600 1321 1321 1330 1321 1321 1321 1321 1321 1321
1321 1321 1321 1321 1321 1321 1321 1321 1321 1321 1321 1321 1321 1321 1321 1321 1321 1340
1321 1321 1321 1360 1340 1340 1325 1321 1323 1140 1323 1510 2054 1321 1323 1321 1321 1400
1321 1321 1321 1321 2600 1321 1321 1321 1321 1321 1321 1321 1321 1321 1321 1321 1321 1321
1330 1360 1321 1321 1321 1321 1321 1321 1321 1321 1321 1321 1321 1330 1321 1321 1321 1321
1321 1321 1321 1321 1321 1321 1400 1321 1321 1321 1321 1321 1321 1321 1321 1321 6200 1321
1150 2251 1310 1326 1321 5200 1321 1325 1325 5200 2400 1321 1330 1321 1321 1321 5300 5600
1321 1321 1321 1321 1321 1321 1321 1321 1321 1321 1321 1321 1321 1321 1321 1321 1321 1321
1321 1321 1321 1321 1326 1321 1321 1321 1322 1321 1321 1321 1321 1321 1321 1321 1550 1321
1321 1321 1321 1321 1321 1321 1321 1324 1510 1310 5600 1321 1321 1321 1321 1321 1321 1400
1321 1321 1324 1323 1326 5200 1321 1310 1140 5200 1340 1321 1321 1321 1600 1321 1321 1310
1321 1321 1321 6200 1360 1321 1310 1321 1321 1321 1321 1321 1321 1321 1321 1321 1321 1321
1321 1321 1321 1321 1321 1321 1321 1321 1321 1321 1321 1321 1321 1321 1321 1321 1321 1321
1321 1324 1600 2500 1321 1321 1321 1321 1326 1321 1321 1321 1321 6400 1321 1321 1321 1321
1321 1321 1321 1321 1321 1321 6400 1321 1321 1321 1321 1550 1321 1321 1321 1321 1321 1321
1321 1321 1321 1321 1321 1321 1321 1321 1321 1321 1360 1326 1321 1321 1321 1340 1325 1325
1321 1321 1321 1321 1321 1324 1321 1321 1321 1323 1321 1321 1321 1321 1321 1321 1321 6400
1321 1321 1321 1321 1321 1321 1321 1321 1321 1321 1340 1325 1321 1325 1326 1322 1321 1321
1321 1321 1321 1321 1321 1321 1321 1321 1321 1321 1321 1321 1321 1321 1321 1321 1321 1340
1321 1321 1321 1321 1321 1321 1321 1321 1321 1321 1321 1321 1321 1321 1321 1321 1321 1321
1326 1321 1140 1325 1321 6200 1321 1321 2600 1325 1510 1540 3641 1321 1321 1325 1323 1321
1324 1325 1326 1321 1325 1321 1140 1325 1325 1150 1340 5200 1325 1321 1321 1321 1321 1321
1321 1321 1321 1321 1321 1321 1310 1321 1321 1321 1321 1321 1321 1321 1321 1321 1321 1321
1321 6200 1321 1321 1321 5600 1321 1321 1321 1321 1321 1321 1324 1310 1321 2600 1321 1321
1321 1321 1321 1321 1321 1321 1321 1321 1321 1321 1321 1321 1321 1321 1321 1321 1321 1321
1321 1321 1321 1310 1340 1325 1325 2400 1321 1321 1321 1321 1321 1321 1321 1321 1321 1321
1321 1321 1321 1321 1321 1321 1321 1321 1321 1321 1326 1323 1321 1321 1350 1510 1321 1321
1321 1321 1321 1321 1321 1321 1321 1321 1321 1321 1321 1360 1321 1321 1321 1321 1250 1325
1321 1321 1321 1321 1321 1321 1321 1550 1321 1321 1321 1321 1321 1321 1321 1400 1321 1321
1321 1321 1321 1321 1321 1321 2500 1321 1321 1321 1321 1321 1321 1321 1321 1326 6200 1321
1321 1321 1321 1321 1321 1360 1321 1321 1321 1321 1321 1321 1321 1326 1321 1321 1321 1321
1321 1321 1321 1321 1321 1321 1310 1321 1321 1321 1321 1321 1326 1324 1321 1321 1325 1323
6400 1321 1321 1321 1321 1321 1321 6200 1321 1321 1321 1321 1550 1321 1340 1321 1321 1321
1321 1321 1321 1340 1340 1323 1321 1321 1321 1321 1321 1250 1325 1323 1350 1325 5200 1325
1323 1321 1321 1326 2200 1322 1321 1321 1321 1321 1321 1321 1321 1321 1321 1321 1325 1360
1360 1321 1321 1360 1321 1321 1321 1321 1321 1321 1360 1321 1321 1321 1321 1321 1321 1321
1321 1321 1321 1321 1321 5600 1321 1321 1321 1321 1321 1321 1321 1550 1321 1321 1321 1321
1321 1321 1321 1321 1321 1321 1321 1321 1321 1321 1321 2200 1321 1321 1321 1321 1321 1321
1321 4200 1321 1321 1321 1321 1321 1321 1321 1321 1321 1321 1321 1321 1321 1321 1400 1321
1321 1321 1321 1321 1321 1321 1321 1321 1321 1321 1321 1321 1321 1321 1321 1321 1321 1321
1321 1321 1321 1321 1321 1321 1321 1321 1321 1321 1321 1321 1322 1321 1321 1321 1321 1321
1330 1321 1321 1321 1321 1321 1326 1326 1322 1321 1321 1321 1321 1321 1321 1321 1321 1321
1350 1340 1321 1321 1321 1321 1321 1321 1360 1360 1321 1321 1321 1321 1321 1321 1321 1321
1310 1321 1321 5600 1321 1321 1321 1321 1321 1321 1321 1321 1321 1321 2600 1321 1510 5600
1321 1321 1321 1321 1321 1321 1321 1321 1321 1321 1321 1321 1600 1321 1321 1310 1321 1321
1326 1321 1321 1360 2500 1321 1321 1321 1321 1321 1321 1321 1321 1321 1321 1321 1321 1321
1321 1326 1140 1325 1325 1321 1321 1321 1321 1321 1323 1321 1321 1325 1340 1321 1321 1321
1340 5200 5200 1322 1321 1321 1321 1321 1321 1321 1321 1321 1321 1321 1321 1321 1321 1321
1321 1324 1324 1326 5200 1150 1350 1324 1322 1321 1321 6400 1321 1321 1360 1321 1310 1321
1321 1321 1321 1321 1360 1400 1321 1321 1321 1321 1321 1321 1324 1600 1321 1321 1321 1326
6400 1321 1321 1321 1321 1321 1321 1400 1321 1321 1321 1321 1321 1321 1321 1321 1321 1321
1321 1321 1321 1321 1321 1400 1321 1321 1321 1321 1321 1321 6200 1321 1321 1321 1321 1321
1321 1321 2200 1321 1150 1350 1310 1323 6200 1360 1321 1321 1321 1321 1360 883 1310 1350
1321 1321 1321 1321 1321 1326 1321 1330 1600 1321 1321 1321 1321 1321 1321 1321 1321 6200
1321 1321 1321 1321 1321 5300 1350 1600 1321 1321 1321 1550 1321 1321 1321 1310 1340 1340
1321 1321 1321 1321 1310 1321 1321 1321 1321 1321 1321 1321 1340 1310 1340 1321 1321 1321
1321 1321 1321 1321 1321 1321 1321 1321 1321 1321 1321 1321 1321 1321 1321 1340 1540 1350
1310 1340 701 1350 1323 1321 1540 1350 1321 1321 6400 1321 1321 1321 1321 1321 1326 1150
1326 1323 1321 1321 1321 1321 1321 1321 1321 1321 1321 1321 1321 1321 1321 1324 1340 1323
1350 1321 1321 1550 1325 1321 1321 1321 1321 1321 1321 1350 1322 1321 1321 1321 1321 1321
1321 1321 1321 1321 1321 1321 1321 1321 1324 1325 1322 1321 1321 1321 1321 1321 1321 1326
1321 1321 1321 1321 1321 1550 1321 1321 1321 1321 1321 1510 605 2400 1321 1321 1321 1321
1321 1321 1321 1321 1321 1321 1321 1321 1321 1321 1321 1321 1321 1321 1321 1321 1310 1321
1321 1321 1321 1321 1321 1321 1321 1321 1326 1321 1321 1321 6200 1325 2600 1321 1326 1321
1330 1321 1326 5200 5200 1340 1321 1323 1321 1321 1321 1321 1321 1321 1310 1321 1321 1321
1321 1321 1321 1321 1321 1321 5600 1321 1321 1321 1321 1321 1321 1321 1321 1321 1321 1321
1321 1321 1321 1321 1321 1326 1321 1321 1350 1600 1321 1321 1321 1321 1360 1321 2600 1321
6400 1321 1321 1321 1321 1321 1321 1321 1321 1321 1321 1321 1340 1323 1321 1321 1321 1321
1321 1360 1326 1321 1321 1321 1321 1321 1321 1321 1321 1324 1340 1321 1323 1321 6400 1321
1321 1321 1321 1321 1321 1321 1326 1321 1321 1321 1321 1321 1321 1321 1321 1321 1321 1321
1321 1321 1321 1321 1321 1321 1321 1321 1321 1321 1322 2200 1540 1350 1321 1321 1321 5200
1323 1321 1321 1321 1321 1321 1321 1321 1321 1321 1321 1321 1321 1321 1321 1321 1321 1250
1340 1322 1321 1321 1321 1321 1360 1600 1321 1321 1321 1321 1321 1321 1321 1321 1321 1321
1321 1321 1321 1321 1321 1321 1321 1326 1321 1321 1321 1321 1321 1323 1321 1321 1321 1321
1321 1321 1321 1330 1321 1321 1321 1321 1321 1321 1321 1321 1321 1321 1321 1321 1321 1321
1510 3197 1540 5768 1323 1322 1321 1321 1321 1321 1340 1520 2400 1321 1321 1321 1321 1321
1321 1321 1321 1321 1321 1321 1321 1321 1321 1321 1340 1321 1326 1321 1600 1321 1321 1321
1360 1340 1350 1150 1350 1600 1321 1321 1321 1326 1321 1321 1150 1350 1321 1322 1321 1321
1321 1321 1321 1321 1321 1321 1321 1321 1321 1321 1321 1321 1321 1321 1321 1321 1550 1321
1321 1321 1321 1310 1550 1321 1321 1321 1321 1321 1321 1321 1321 1324 1540 1322 1321 1321
1321 1321 1321 1321 1321 1321 1400 1321 1321 1321 1321 1323 1321 1321 1321 1321 1321 1321
1321 1321 1321 1321 1360 1321 1321 1321 1321 1324 1340 1323 1350 1325 1323 1321 1321 1321
1321 1321 1321 1321 1321 1321 1321 1321 1321 1321 1321 1321 1321 1321 1321 1326 1321 1321
1321 1321 1321 1321 1321 1321 1321 1321 1321 1360 1321 1321 1321 1321 1310 1321 1321 1321
1321 1321 1321 1321 1321 1321 1321 1321 1321 1321 1321 1321 2600 1321 1321 1321 1321 1321
1321 1321 1321 1321 1321 1321 1324 1323 1321 1321 1321 1321 1321 6400 1321 1321 6200 1321
1321 1321 1321 1321 1321 1321 1321 1321 1321 1326 1150 1350 1310 1510 1326 1321 1350 1321
1321 1321 2600 1321 1321 1321 1321 1321 1321 1321 1321 1321 1321 1321 1321 1321 5600 1321
1321 1321 1321 1321 1321 2200 1510 1350 1323 1321 1321 1321 1321 1321 1360 1321 1321 1321
1321 1321 1321 1321 1321 1321 2200 1321 1321 1321 1321 5300 1321 1250 1340 1326 1323 1321
1321 1321 1321 1321 1321 1321 1321 1321 1321 1321 1321 1321 1321 1321 1321 1321 1321 1321
1321 1321 1550 1321 1330 1321 1321 1321 1321 6400 1321 1321 1321 1321 1321 1321 1321 1321
1321 1250 1540 1325 2500 1321 1321 1323 1321 1321 1321 1321 1150 1360 1360 1323 1321 1321
1321 1321 1321 1321 1326 1321 1321 1324 6400 1321 1321 1321 1321 1324 1325 1325 1321 1323
1321 1321 1321 1321 1321 1321 1321 1321 1330 1321 1321 1321 1321 1323 1150 1350 4200 1321
1321 1321 1321 1321 1321 1321 1321 1321 1321 1321 1321 1321 1400 1321 1321 1326 1323 1321
1323 1321 1321 1321 1321 1326 1321 1321 1326 1321 1321 1323 1321 1321 6200 1326 1321 1322
1321 1550 1321 1321 1321 1321 1321 1321 1321 1340 1321 1321 1321 1321 1321 1310 1321 1321
1321 1321 1321 1321 1321 1321 1321 1321 1321 1321 1321 1321 1321 1321 1321 1321 1321 1321
1321 1324 1322 1321 1321 6200 1340 1322 1321 1321 1321 1321 1321 1321 1321 1321 1326 1322
1321 1321 1321 1321 1321 1321 1321 1321 2600 1321 1321 1321 1321 1360 1321 1321 1321 1321
1326 1325 5200 1321 1321 1321 1340 1321 1325 1321 1321 1325 1321 1321 1321 1325 1350 1321
1321 1321 1321 1321 1321 1310 1400 1321 1321 1321 1330 1321 1321 1321 1321 1321 1321 1321
1321 1321 1321 1321 1321 1321 1321 1321 1321 1326 1323 1321 1321 1321 1326 1321 1321 1321
1321 1321 1321 1321 1321 1326 1323 1321 1321 1326 1325 1600 1321 1321 1321 1350 1310 1600
1321 1321 1321 1321 1321 1321 1321 1321 1321 1321 1321 1321 1321 1321 1321 1321 1321 1321
1321 1321 1321 1321 1321 1321 1321 1321 1321 5300 1321 1321 1321 1321 1321 1400 2200 1321
1324 1325 1323 1321 1321 1321 1321 1321 1510 1350 1321 1321 1321 1321 1321 1321 1321 1321
1321 1321 1321 1321 1321 1324 1323 1321 1321 1321 1321 1321 1321 1321 1321 1321 6200 1321
4610 1323 1321 1321 1321 1321 1321 1321 1321 1321 1321 1321 1321 1321 1321 5600 1321 1321
1321 1321 1321 1321 1321 1321 1321 1321 1310 1324 1325 1323 5600 1321 1321 1321 1321 1321
5600 1326 1325 2600 1321 1323 1321 1321 1321 1321 1321 1321 1321 1321 1321 1321 1321 1321
1321 1321 1321 1321 1321 1321 1321 1321 1321 1321 1321 1321 2200 1310 1321 1321 1321 6400
1321 1321 1321 1321 1321 1321 1321 1321 1321 1321 1321 2200 1321 1321 1321 1321 1323 1321
1321 1321 1340 1321 1321 1321 1321 1321 1324 1510 1600 1321 1321 1321 1321 1321 1321 5600
1340 1600 1600 1321 1326 1323 1321 1140 1520 1325 1510 1340 1310 1325 4200 1321 1321 2600
1321 1321 1321 1321 1321 1321 1330 1321 1321 1324 1510 1350 1360 1325 1600 1321 1321 1324
1321 1326 1321 1350 1322 1326 1321 1321 1520 1350 1310 1350 1321 1321 1321 1321 1140 1324
1321 1321 1321 1321 1321 1321 1321 1321 1321 1321 1321 1321 1321 1321 1321 1321 1321 1321
1321 1310 1321 1321 1321 1321 1321 1321 1321 1321 1321 1321 1321 1321 1321 1321 1321 1321
1321 1321 1321 1324 1310 1321 1360 1321 1321 1321 1324 5200 1600 1321 1321 1321 1321 1321
1321 1321 1321 1340 1325 1310 1310 1323 1321 1321 1321 1321 1321 1321 1321 1326 1323 1310
1321 1321 1321 1310 1321 1310 2200 1321 1321 1321 1321 1321 1321 1321 1321 1321 1321 1321
1321 1321 1321 1321 1321 1321 1321 1321 1321 1340 1330 1321 1321 1323 1321 1321 1321 1330
1321 1321 1321 1321 1326 1321 1321 1321 1321 1321 1321 1550 1321 1321 1321 1321 1321 1321
1550 1321 1321 1321 1321 1321 1321 1321 1326 1321 1321 1321 1321 1321 1321 1321 1321 1321
1321 1324 2600 1321 1321 1321 1321 1321 1321 1250 1326 1321 1321 1150 1350 1510 2500 1323
1321 1321 5300 1321 1321 1321 1321 1321 1321 1321 1321 1321 1321 1321 1321 1321 1250 1325
1321 1321 1321 1321 1321 1321 1321 1321 1321 1321 1326 1326 1550 1321 1321 1321 1321 1321
1321 1321 1400 1321 1321 1321 1321 1321 5600 1321 1321 1321 1321 1321 1321 1321 1321 1321
1250 1323 1321 1321 1321 1321 1321 5600 1321 1321 1321 1321 6200 1310 1324 1310 1600 1321
1321 1321 1321 1321 1324 5200 1600 1321 1321 1321 1321 1321 1321 1321 1550 1321 1321 1321
1360 4200 1321 1321 1321 6200 1321 1325 1321 1321 1321 1321 2200 1326 1321 1360 5200 4200
1321 1321 1321 1321 1321 1321 1321 1326 1510 1323 1321 1326 1321 1325 1325 2500 1321 5200
1321 1321 1321 1321 1321 1321 1321 1321 1250 1510 5179 1321 1321 1321 1321 1321 1321 1321
1321 1321 1321 1321 1321 1340 1340 1321 1321 1321 1321 1321 1321 1321 1321 1350 2400 1321
1321 1321 1321 1321 1321 1321 1321 1321 1321 1321 1321 1321 1325 1321 1321 1321 1321 1321
1321 1321 1321 1321 1321 1324 1325 1321 1321 1321 4200 1250 1360 1325 1323 1322 1321 1321
1321 1321 1321 1324 1540 5200 1510 2845 1310 1325 1321 1321 1321 1323 1321 1321 1321 1321
1321 1321 1321 1321 1321 1321 1321 1321 1321 1321 1550 1321 1321 1321 1321 1321 6200 1321
1321 1321 1321 1321 1321 1321 1321 1321 2200 1321 1321 1321 1321 1321 1321 1321 1321 1321
1321 620 1321 1321 1321 1321 1321 1321 1321 1321 1321 1321 1321 1321 1321 1321 1321 1321
1321 1321 1321 1321 1321 1321 1321 1400 1321 1321 1321 1321 1321 1321 1321 1324 1540 2400
1321 1321 1321 1321 1321 1321 6200 1321 1321 1321 1321 1321 1321 1321 1321 1321 1321 1321
1321 1321 1321 1321 1321 1400 1321 1321 1321 1321 1360 1360 1321 1321 1321 1321 1321 1321
1323 1321 1321 1321 1321 1321 1321 1321 1321 1321 1321 1321 1321 1321 1321 1321 1321 1321
1321 1321 1321 1321 1321 1321 1321 1321 1321 1310 1324 1600 1321 1321 1550 1321 1321 1321
1321 1321 1310 1321 1321 1321 1321 1340 1321 1321 1321 1321 1520 1350 1323 1321 1323 1321
1321 1321 1321 1321 1321 1321 1321 1321 1321 1321 1321 1321 1321 1321 1321 1321 1321 1321
1324 2400 1321 1321 2200 2600 1321 1321 1321 1321 1321 2500 1321 1321 1321 1310 1321 1321
1321 1321 1321 1321 1321 1321 1250 1340 1321 1510 1350 1321 1321 1321 1150 1350 1326 1321
1321 1321 1321 1321 1321 1321 1324 1510 1350 1326 1321 1321 1323 1321 1321 1321 1321 1321
1510 269 1326 1321 1321 5200 1323 1321 1321 1321 1321 1325 1360 1321 1321 1321 1321 1321
1321 1321 1360 1321 1321 1321 1321 1321 1321 1321 1310 1321 1321 1321 1321 1321 1321 1321
1321 1321 1321 1321 1321 1340 1325 2400 1321 1321 1321 1321 1321 1550 1321 1321 1321 1321
1321 1360 1321 1321 1550 1321 1321 1321 1324 1340 1321 1321 1325 1321 1321 1321 1325 1323
1321 1321 1321 1321 1321 1321 1321 1321 1323 1321 1321 1321 1321 1321 1321 1321 1321 1321
1250 1360 1323 1321 1321 1321 1321 1321 6200 5600 1321 1321 1321 1321 1321 1321 1321 1321
1321 1321 1321 1321 1321 1321 1321 1321 1310 1321 1321 1321 1321 1321 1321 1321 1321 1321
1321 1321 1326 1550 1321 1321 1321 1321 1321 1321 1321 1321 1326 1321 1321 1321 1326 1321
1360 1400 1321 1321 1321 1321 1321 1321 1321 1321 2600 1321 1321 1321 1321 1321 1321 1321
1321 1321 1321 1321 1321 1321 1321 1310 1321 1321 1321 1321 1321 1321 1321 1321 1321 1321
1321 6200 1360 6400 1321 1321 1321 1321 1321 1321 2200 2600 1323 1321 1321 1321 1321 1321
1324 1350 1325 1520 1510 1321 1321 1321 1321 1321 1321 1321 1321 1321 1321 1321 1321 1321
1321 1321 5300 1321 1321 1321 1321 1321 1321 1321 1321 1321 1321 1330 1400 1321 2600 1321
1321 1321 1321 1321 1321 1321 1321 1321 1321 1321 1321 1321 1321 1321 1321 1326 1321 1326
1326 1350 1321 1321 1323 1321 1321 1321 1321 1321 1321 1321 1321 1321 1321 1321 1321 1321
1321 6200 1321 1321 1324 1323 1321 1321 1321 1321 1321 1321 1321 1321 1321 1321 1321 1321
1322 1321 1321 1321 1321 1321 1321 1321 1321 1321 1321 1321 1321 1321 1321 1321 1321 5600
1321 1321 1321 1321 1321 1321 1321 5600 1321 6400 1321 1321 1321 1321 1321 1321 1321 1321
1350 1326 1321 1321 1321 1321 1321 1540 2400 1321 1321 1321 1321 1321 1321 1321 1321 1321
1321 1321 1321 1321 1321 1510 1350 1510 1321 1321 1321 1321 1321 1321 1321 1321 1400 1321
1321 1360 1340 1360 1325 1321 1323 1326 1321 1321 1325 1323 1321 1321 1321 1321 1321 1321
1324 5200 1322 1321 1321 1310 1321 1321 1321 1321 1321 1340 1600 1326 2600 1321 1321 1321
1321 1321 1321 1321 1360 1321 1321 1321 1321 1321 1321 1321 1321 1321 1321 5300 1400 5600
4200 1321 1321 1321 5600 1321 1321 1321 1321 1324 1510 1350 1321 1325 1323 1321 1321 1321
1321 1321 1321 1321 1321 1321 1321 1321 1321 1321 1321 1321 1321 1321 1321 1321 1321 1321
1325 1321 1321 1321 1321 1310 1321 1321 1321 1321 1321 1321 1321 1321 1321 1321 1321 1321
1250 1600 1321 1321 1321 1321 1321 1321 1321 1321 1321 1321 1326 1600 1321 1321 1326 1321
1321 1321 1321 1321 1321 1321 1321 1321 1350 1510 1310 1321 1321 1321 1321 1550 1321 1321
1321 1321 1321 1321 1321 1321 1324 1350 1321 1321 1321 1321 2500 1321 1321 1321 1321 1321
1326 1325 1540 1321 2400 1321 1321 1321 1321 1321 1321 1321 1321 1321 1321 1321 1321 1321
1321 1321 1321 1321 1321 1321 1321 1321 6400 1321 1321 1321 1321 1321 1321 1321 1321 1321
1321 1321 1321 1323 1321 1321 1400 1321 1321 1321 2200 1321 1321 1321 1321 1321 1321 1324
1321 1321 1321 1321 5300 1360 1321 1321 1321 1321 6200 1321 1321 1321 1321 1321 1321 1321
1321 1321 1321 1321 1321 1321 1321 1321 1321 1321 1321 1321 1321 1321 5600 1321 1321 1321
1324 1323 1321 1321 1321 1321 1340 1360 1321 1321 1323 1321 1321 1321 1321 1321 1321 1321
1321 1321 1321 1321 1321 1321 1321 1321 1321 1321 1321 1321 1321 1330 1360 2600 1321 1321
1321 1321 1321 1321 1321 5300 1350 1510 1322 1321 1321 1321 1321 1550 1324 1325 1520 1322
1321 1321 1321 1324 1325 1323 1321 1321 1323 1321 1321 1321 1321 1321 1321 1321 1321 2200
1321 1321 1321 1321 1321 1321 1321 1321 1321 1321 1321 1321 1321 1321 1321 1321 1340 1323
1321 1321 1321 1321 1321 1140 1321 1321 1321 1321 1321 1321 1321 1340 1310 1520 1322 1321
1321 1321 1321 1321 1321 1321 1321 1340 5200 1310 1323 1321 1321 1326 1321 1330 1326 1325
1321 1321 1321 1321 1321 1321 1321 1321 1550 1321 1321 1324 1310 1326 1325 1321 1325 4200
1321 1321 1321 1321 1321 1321 1310 1340 1322 1321 1310 1326 1321 1321 1321 1321 1350 1322
1321 1321 1321 1321 1321 1321 1321 1321 1321 1321 1326 1321 1321 1321 1321 1321 1321 1321
1321 1321 1326 1321 1321 1321 1321 1321 1321 1321 1321 1321 6200 1321 1321 1324 1325 2600
1326 1321 1321 1321 1321 1321 1321 1321 1321 1360 1350 1321 1321 1321 1600 1321 1321 1321
1321 1321 1321 1324 1321 1323 1321 1321 1321 1321 1321 1321 5300 1323 1321 1321 1321 1321
1326 1321 1321 1321 1600 1321 1321 1321 1321 1326 1321 1321 1321 1321 1321 1321 1321 1321
1321 1321 1321 1321 1321 1321 1321 6400 1321 1400 1321 1321 1321 1400 1321 1321 1321 1321
1321 1321 1321 1321 1321 1321 1324 1321 1321 1321 1310 1321 1321 1321 1321 6200 1321 1321
1321 1321 1321 1321 1326 1321 1325 1340 1321 1321 1321 1321 1321 1321 1140 1323 1321 1321
1321 1321 1321 1321 1321 1310 1321 1321 1321 1324 1323 1321 1321 1321 1321 1321 1321 1321
1321 1321 1321 1321 1321 1321 1321 1321 1321 1321 1321 1321 1321 1321 1321 1321 1321 1321
1321 1321 1330 1321 1321 1321 1321 1321 1321 1321 1321 1321 1321 1321 1321 1321 1321 1326
1321 1321 1330 1340 1323 1321 1321 6200 1400 1321 1321 1321 1321 1321 1321 1321 1321 1321
1321 1321 1321 1324 1600 1321 1321 1321 6200 1321 1321 1321 1321 1321 1322 1321 1321 1321
1321 1321 1321 1321 1321 1321 1321 1321 1321 1340 1340 1321 1340 1321 1321 1322 1321 2600
1321 1321 1321 1321 1321 1321 1321 1321 1321 1321 1321 1321 1321 1310 1321 1321 1321 1321
1321 1321 1321 1321 1321 1321 1321 2600 1321 1321 1321 1321 1250 1510 2600 1321 1321 1321
1520 2400 1321 1321 1321 1321 5600 1321 1321 1321 1321 1321 1321 1321 1324 1340 1326 1321
5600 1321 1321 1321 1321 1321 1321 1321 1321 1321 1321 1321 1321 1321 1321 1321 1321 1321
1321 1321 1321 2600 1321 1321 1321 1321 1321 1330 1321 1321 1321 1321 1324 1510 1325 1310
1321 1321 1321 1321 1321 1321 1321 1321 1321 1321 1321 1321 1321 1321 1321 1321 1321 1321
1321 1321 1321 1321 1321 1321 1321 1321 1321 1321 1321 1321 1321 1321 1321 1321 1550 1321
1321 1321 1321 1321 1321 1340 1323 1321 1321 1321 1321 1321 1321 1321 1321 1321 1321 1321
1326 1321 1321 1321 1321 1321 1321 1321 1321 1321 1321 1321 1321 1321 1321 1321 1321 1321
1321 1321 1321 1321 1321 1321 1321 1321 1321 1326 1321 1321 1321 1321 1321 1321 1321 1321
1321 1324 1326 1321 1321 1321 1321 1326 1321 1321 1321 1140 1321 1321 1323 1321 1321 1321
1321 1321 1321 1321 1321 1321 1321 1321 1321 1321 1321 1321 1321 1321 1321 1321 1321 1321
1321 1321 1321 1321 1321 1321 1321 1321 1321 1321 1326 1150 1350 1321 1350 1325 2600 1321
1321 1321 1321 1321 1321 1321 1321 1321 1340 1321 4200 1321 1321 1321 1321 1321 1321 1321
1321 1321 1321 1321 1321 1321 1321 1321 1321 1321 1321 1321 1321 1321 1321 1321 1321 1321
1321 1321 1321 1321 1321 1321 1150 1350 1326 1326 1321 1321 1321 1321 1321 1321 1321 1321
1321 1321 1321 1321 1321 1321 1321 1321 1321 1321 1340 2500 1321 5200 1325 1322 1321 1321
1321 1321 1321 1321 1321 1321 1321 1321 1321 1321 1321 1321 1321 1321 1321 1321 1326 1321
1321 1321 1321 1321 1321 1321 1321 1321 1321 1321 1321 1321 1321 1321 1321 1321 1321 1321
1321 1321 1321 1321 1310 1326 1321 1321 1321 1321 1321 1321 1321 1321 1321 1321 1321 1321
1321 1321 1321 1321 1321 1321 1321 1321 1321 1321 1326 1323 1321 1321 1321 1321 1321 1321
1321 1310 1321 1321 1321 1321 1321 1250 1325 1325 1325 1360 1310 5200 1350 1321 1321 1321
1321 1321 1321 1321 1321 1321 1321 1321 1321 1321 1321 1321 6400 1321 1321 1326 5200 1310
1321 1321 1321 1321 1321 1321 1321 1321 1321 1321 1321 1321 1321 1321 1321 2600 1321 1321
1321 1321 1321 1321 1321 1321 1321 1550 1321 1321 1321 1321 1321 1321 1360 1321 1321 1321
1321 1321 1321 1321 1321 1321 1321 5600 1321 1321 1321 1321 1321 1360 1321 1321 1321 1321
1350 1321 1321 2400 1321 1321 1321 1321 1326 1321 1321 1321 1321 1321 1321 1321 1326 1321
1321 1321 1321 1321 1321 1321 1321 1321 1321 1321 1321 1321 1321 6200 1340 1510 1350 1310
1321 1321 1321 1400 1321 1321 1321 1321 1321 1321 1321 1321 1321 1321 1321 1321 1321 1321
1321 1326 1321 1325 1321 1310 1323 1321 1360 5200 1310 1325 1600 1321 1321 1324 1323 1321
1350 1322 1321 1321 1321 1321 1321 1321 1321 6400 1321 1321 1321 1321 1321 1321 1321 1321
1321 1321 1321 1321 1321 1321 1321 1326 1321 1321 1321 5200 1600 1321 1321 1321 1400 1321
1321 1321 1321 1321 1321 2600 1321 1550 1321 1321 1321 1321 1550 1321 1321 1321 1321 1321
1321 1321 1321 1326 1350 1321 1321 1321 1600 1321 1321 1321 1321 1321 1250 1323 1321 1321
1321 1321 1321 1321 1321 1321 1321 1321 1321 1310 1321 5600 1321 1321 1321 1321 1321 1321
1321 1321 1321 6400 1321 1321 1321 1321 1321 1321 1321 1321 1321 1321 1321 1321 1321 1321
1321 1321 1340 1322 1321 1321 1321 1321 1321 1321 1321 1321 1321 1321 1321 1321 1321 1321
1321 1340 1323 1321 1321 1321 1321 1321 1321 1321 1321 1321 1321 1321 1321 1321 1321 1321
1321 6200 1321 1321 1321 1321 1321 1321 1321 1321 1321 1321 1321 1321 1321 1330 1321 1321
1324 1323 1321 1321 1321 1321 1326 1326 1321 1321 1321 1321 2600 1321 6200 1321 1321 1321
1326 1321 2600 1321 1321 1321 1321 1321 1321 1321 1321 1321 1321 1321 1321 1321 1321 1310
1326 1321 1321 1330 1510 1350 1323 1321 1321 1324 1540 1310 1350 1325 1323 1321 1321 1321
1321 1321 1321 1321 1321 1321 1321 1550 1321 1321 1321 1321 1310 1321 1321 1321 1321 1321
1321 1321 1321 1321 1321 1310 1310 1321 1321 1321 1326 1321 1321 1321 1321 1321 6400 1321
5600 1321 1321 1321 1321 1324 1600 1321 1321 1321 1321 1321 1321 1321 1321 1321 1321 1321
1321 1321 1321 2200 1321 1321 1321 1321 1321 1321 1321 1321 1321 1321 1321 1321 1321 1321
1321 1321 1321 1321 1321 1321 1321 1321 1321 1321 1321 1321 1321 1321 1310 1321 1321 1321
1321 1321 1321 1321 1321 1321 1321 1321 1321 1321 1321 1321 1321 1321 1321 1321 1321 1321
1321 1321 1321 1321 1321 1321 1321 1321 1321 1321 1326 1326 1321 1350 1321 1321 1321 1321
1321 1321 1321 1321 1321 1321 1330 1321 1321 1321 1321 1321 1321 1321 1321 1321 1321 1321
1321 1321 1350 4200 1321 1321 1321 1321 1321 1321 1321 1321 1140 1321 1321 1321 1321 1321
1321 1321 1321 1321 1321 1321 1321 1321 1321 1321 1250 1323 1321 1321 1321 1321 1321 1321
1321 1321 1321 1321 1321 1321 1321 1321 1321 1321 1321 1321 1321 1321 1321 1321 1310 1321
6200 1321 1321 1321 1321 1321 1321 6400 1321 1324 1510 6200 5200 1323 1321 1321 1321 1321
1321 1321 1321 1321 1321 1321 1321 1321 1321 1321 1321 1321 1321 1324 1510 1310 1321 1321
1321 1321 1321 1321 1321 1321 1321 1321 1321 1321 1321 1321 1321 1321 1321 1321 1250 1322
1321 1321 1321 1321 1321 1321 1321 1321 1321 1321 1321 1321 1321 1321 1321 1321 1321 1321
1321 1321 1321 1360 1321 1321 1321 1321 1321 1321 1321 1321 1321 1321 1321 1321 1321 1321
1321 1321 1321 1321 1550 2600 1321 1321 1321 1321 1321 1321 1321 1321 1321 1326 6200 2500
1321 1321 1321 1321 1321 1324 1321 1321 1321 1321 1321 1321 1321 1321 1400 1321 1321 1321
1321 1321 1321 1321 1321 1321 1350 1350 1600 1321 1321 1321 1321 1321 1321 1321 1550 1321
1321 1321 1321 1321 1321 1321 1321 1321 1321 1321 1360 1340 1600 1321 1321 1321 1321 1321
1330 1330 1540 1322 1350 1321 1321 1321 1321 1321 1321 1321 1321 1321 1321 1250 1600 1321
1321 1321 1321 1321 1321 1400 1321 1321 1321 1326 1321 1321 1321 1321 1321 1321 1310 1321
1321 1321 1321 1321 1321 1321 1321 1321 1550 1321 1321 1321 1321 6200 1321 1321 1310 1321
1150 985 1321 1321 1321 6200 1321 1321 1321 1321 1326 1321 1321 1321 1321 1321 1400 1321
1321 1321 1321 6400 1321 1321 1321 1321 1321 1321 6200 1321 1321 1340 2600 1321 1321 1321
1321 1321 1321 1321 1321 1321 1321 1550 1321 1321 1550 1321 1321 1321 1321 1321 1321 1321
1600 1321 1321 1321 1321 1321 1321 1321 1321 1400 1321 1321 1321 1321 1321 1321 1321 1321
1324 1323 1321 1321 1321 1321 1321 1321 1321 1321 1321 1321 1321 1321 1321 1321 1321 6400
1321 1321 1321 1321 1321 1321 1321 1321 1321 1360 1321 1321 1321 1326 1321 1321 1330 1510
1350 1321 1321 1321 1321 1340 1321 1321 1321 1321 1321 1321 1321 1321 1321 1321 1321 1321
1321 1321 1321 1321 1321 1321 1321 1321 1321 1321 1321 1321 1321 1321 1250 1510 1321 1321
1321 1321 1321 1321 1321 1321 1321 1321 1321 1321 1321 1321 1321 1321 1321 1321 1321 1321
1321 1321 1321 1321 1321 1321 1321 1321 1321 1400 1321 1321 1340 2600 1321 1321 1321 1321
1321 1321 1321 1321 1321 1321 1321 1321 1321 1321 1321 1321 1360 1321 1321 1321 1321 1326
1321 1321 1321 1321 1321 1321 1321 1321 1324 1323 1321 1321 1310 1321 1321 1321 1321 1321
1321 1321 1321 1321 1321 1340 1321 2500 1321 1325 1600 1321 1321 1321 1321 1321 2200 1510
1310 1321 1321 1321 1321 1321 1321 1321 1321 1321 1321 1321 1321 1321 1321 1321 1321 1321
1321 1321 1321 1326 1321 1321 1520 1326 1321 1323 1321 1321 1321 1324 1340 2400 1321 1321
1321 1321 1321 1321 1321 1321 1321 1321 1321 1321 1321 1250 1323 1321 1321 1400 1321 1321
1321 1321 1321 1360 1321 1321 1250 1321 1321 1323 1321 1321 1324 1325 1520 1321 1326 1321
1321 1321 1321 1321 1321 1321 1321 1321 1321 1321 1321 1321 1321 1330 1360 1321 1321 1360
1321 1321 1321 1321 1321 1321 1360 1321 1321 1321 1360 1321 1321 1321 5600 1324 2200 1510
1321 1321 1321 1321 1321 1321 1321 1324 2600 1321 1321 1321 1321 1321 1321 1321 1321 1321
1321 1321 1321 1321 1321 4200 1321 1340 1510 1322 1321 1321 1321 1321 1321 5300 5600 1321
1600 1321 1321 1321 1550 1321 1321 1324 1322 5300 1340 1510 1321 1321 1321 1321 1340 1510
1321 1321 1321 1321 1321 1321 1321 1321 1321 1321 1250 1321 1321 1321 1321 1321 1321 1321
1321 2200 1321 1321 1321 1321 1321 1321 1321 1321 1321 1321 1321 1321 1510 1510 1323 1321
1321 1321 1321 1321 1321 1321 1321 1321 1340 1323 1321 1321 1321 1321 6200 1321 1321 1321
6400 1321 1321 1321 1321 1321 1323 1321 1550 1321 1321 1321 1321 1321 1321 1321 1321 1321
1321 1321 1321 1321 1321 1321 1321 1321 1324 1600 1321 1321 1321 1321 1321 1321 1321 1321
1321 1321 1321 1321 1321 1321 1321 1321 1321 1321 1321 1321 1321 6200 1350 1310 1321 1321
1321 1321 1321 1321 1321 1321 1321 1321 1321 1321 1321 1321 1321 1321 1321 1321 1321 1321
1321 1321 1360 1321 1321 1321 1321 1321 1321 1321 1321 1321 1321 1321 1321 1321 1321 1321
5300 1350 3632 1310 1325 1323 1321 1321 1321 1321 1326 1360 1550 1510 1540 5200 1510 1600
1324 2400 1321 1321 1321 1321 1321 1321 1321 1321 1321 1321 1321 1321 1321 1321 1321 1321
1321 1321 1321 1321 1321 1321 1321 1321 1321 1321 1321 1321 1321 1321 1321 1321 1321 1321
1321 1360 1350 1150 1350 1322 1321 1321 1321 5300 6200 1326 1321 1321 1321 1321 1321 1340
1321 1321 1321 1321 1321 1321 1321 1321 1321 1321 1321 1321 1321 1321 1321 1321 1321 1321
1310 1321 1321 1321 1321 1321 1321 1321 1321 1324 1340 1321 1510 4200 1321 1321 1321 1321
1321 1321 1321 1321 1321 1321 1321 1321 1321 1321 1340 1350 1350 1321 1321 1321 5600 1321
1321 1321 5600 1321 1321 1324 1325 1510 1310 1600 1321 1321 1321 6200 1321 1321 1326 1321
1324 1323 1321 1321 1321 1321 1326 1321 1321 1321 1321 2600 1321 1321 1326 1321 1321 1321
1400 1321 1321 1321 1321 1321 1321 1321 1321 1321 1321 1321 1324 1540 1322 1321 1321 1321
1321 1310 1340 1520 1350 1321 1321 1321 1321 1321 1321 1321 1321 1321 1321 1321 1321 1321
1324 1323 1321 1321 1321 1321 1321 1321 1321 1321 1321 1321 1321 1321 1321 1321 1321 2200
1321 1321 1321 1321 6200 1321 1321 6200 1321 1326 1321 1321 1321 1321 1360 1321 1540 1340
1321 1321 1321 1321 1321 1321 1321 1321 1321 1321 1321 1360 1321 1321 1321 1321 1321 1321
1321 1321 1321 1321 1321 1321 1321 1321 1321 1321 1321 1321 1321 1321 1321 1321 1321 1321
1321 1321 1321 1321 1321 1321 1321 1321 6200 1550 1321 1321 1321 1321 1321 1310 1321 1321
1321 1321 1321 1321 1340 1323 1321 1321 1321 1321 1321 1321 1321 1321 1321 1321 1321 1321
1321 1321 1550 1321 1321 1321 1321 1321 1321 1321 1321 1360 1321 1321 2200 1250 1510 1310
1321 1321 1321 1321 1321 1321 1321 1321 1321 1321 1321 1321 1321 1321 1321 1321 1321 1321
6400 1321 6200 1321 1321 1321 1321 1310 1400 1321 1321 1321 1360 1321 1360 1321 1321 1321
1325 1321 1321 1325 1323 1321 1310 1321 1321 1321 1321 1321 1321 1321 1321 1321 1321 1321
1321 1321 1321 1321 1321 1321 1321 1321 1321 1550 1321 1321 1321 1324 1322 1326 1321 1321
1321 1321 1326 1321 1326 1321 1321 5200 1323 1400 1321 1326 1321 1323 1250 1322 1321 1321
1321 1321 1321 1321 1321 1321 1321 1321 1321 1321 1321 1321 1321 1321 1321 1321 1321 1321
1321 1321 1321 1326 1321 1321 1321 1321 1321 1321 1321 1321 1321 1350 1140 1321 1323 1321
1321 1321 1321 1321 1321 1350 1321 1321 1321 1321 1326 2400 1321 1321 1321 1326 1321 1321
1321 1321 1321 1321 1321 1321 1321 1321 1321 1321 1321 1321 1321 1321 1321 1321 1321 1321
6200 1321 1321 1321 1321 1321 1321 1321 1321 1321 1321 1321 1321 6200 1321 1321 1326 1600
5300 4764 1321 1321 1321 1321 1340 1321 5200 2600 1321 1321 1321 1321 1321 1550 1321 1321
1400 1321 1321 1321 1321 1321 1321 1321 1324 1325 5200 1323 1321 1321 1321 1322 1321 1600
1321 1321 1321 1321 1321 1321 1321 1324 1600 1321 1400 1321 1321 1321 1321 1321 1321 5600
1321 1321 1321 1321 1321 1400 1321 1321 1321 1321 1321 1321 1321 1326 1321 1321 1321 1321
1324 1600 1321 1321 1326 1321 1321 1321 1321 1322 5300 1600 1321 1321 1321 1321 1321 1326
1321 1321 1321 1321 1321 1321 1321 1321 1321 1321 1321 1321 1350 2500 1321 1510 1322 1321
1321 1321 1321 1321 1321 1321 1321 1321 1321 1321 1321 1321 1324 1600 1321 1321 1321 1321
1321 1321 1321 1321 1321 1321 1326 1321 1321 1321 1321 1321 1321 1330 1360 1310 1321 1321
1321 1330 1321 1321 1321 1321 1321 1321 5300 1324 1540 2400 1321 1321 1321 1321 1321 1321
1321 1321 1321 1321 1321 1321 1321 1321 1321 1321 1324 1321 1321 1321 1321 1321 1321 1360
1321 1321 1321 1321 1324 1323 1321 1321 1321 1325 1340 1323 1321 1321 1321 1321 1340 1321
1321 1321 1326 1350 1350 1321 1325 5200 1510 1322 1321 1321 1321 1321 1321 1321 1321 1321
1321 1321 1321 1321 1321 1310 1321 1321 1321 1321 1321 1321 2600 1321 1321 1321 1321 1321
1321 1321 1321 1321 1321 1321 1321 1321 1321 1321 1321 1321 1250 1321 1321 1350 1326 1321
1350 1323 1321 1321 1321 1321 1321 1150 1310 1321 1321 1321 1340 1321 1321 2400 1321 1321
1321 6400 1321 2200 1310 1321 1321 1321 1321 1321 1360 1310 1321 1321 1321 1321 1321 1540
1321 1321 1321 1321 1321 1321 1321 1321 1321 1321 1321 1321 1326 1321 1321 1321 1321 1321
1321 1321 1321 1321 1321 1321 1321 1321 1321 1321 1321 1400 1321 1321 1321 1321 1340 1325
1321 1400 1321 1321 6200 1310 1325 1321 1321 1360 1321 1321 1321 1321 1321 1321 1321 1550
1321 1321 1321 1321 1321 1321 1321 1321 1321 1321 1321 1321 1321 1321 1321 1321 1321 1321
1324 1550 1321 1310 1321 1321 1321 1321 1321 1321 1321 1324 1600 1321 1321 1325 1340 1321
1321 1321 1321 1321 1321 1324 1540 2400 1321 1321 1321 1324 1510 1340 1321 1325 1321 1321
1321 6400 1321 1321 1321 1321 1321 1321 1321 1321 1321 1321 1321 1321 1321 1321 1321 1321
1321 1321 1321 1321 1321 1321 1321 1321 1321 1321 1321 1340 1322 1321 1321 1400 1321 1321
2200 1350 1520 2400 1321 1321 1321 1250 1325 1323 1321 1321 1321 1321 1325 1340 1325 1326
1321 1321 1321 1321 1321 1310 1321 1321 1321 1321 1321 1321 1321 1321 1321 1326 1323 1321
1321 1321 1321 1321 1321 1321 1321 1321 1321 1321 1321 1321 1321 1321 1321 1321 1321 1321
1321 1321 1321 1360 1321 1321 1321 1324 1360 1325 1520 2400 1321 1321 1321 1321 1321 1321
1321 1321 1321 1321 1321 5600 1321 1321 1321 1321 1321 1321 1321 1321 1321 1321 1321 1321
1321 1321 1321 1321 1321 1321 1321 1321 1310 1321 1321 1321 1321 1321 1321 1321 1321 1321
1321 1321 1321 1326 5200 1321 1325 4200 1321 6200 1321 1321 1321 1321 1321 1321 1321 1321
1321 1321 1321 1321 1360 1321 1321 1321 1321 1321 1321 1321 1321 1321 1321 1321 1321 1321
5600 1321 1321 1321 1321 1321 1321 1321 1321 1321 1321 1321 1321 1321 1321 1321 1321 1321
1321 1321 1321 1321 1321 1321 1321 1321 1321 1321 1321 1321 1321 1321 1321 1321 1323 1321
1321 1321 1321 1321 1321 1321 1321 1321 5300 1510 1350 1330 1325 5200 1325 1321 1323 1321
1321 1321 1321 1321 1321 1321 1321 1321 1321 1321 1321 1400 1321 1321 1340 1322 1321 1321
1321 1326 1321 1321 1326 1321 2600 1321 1321 1321 1321 1321 1326 1150 1350 1310 1321 1321
1321 1321 1321 1321 1321 1321 1321 1321 1321 1321 1321 1321 1400 1321 1321 1321 1321 1321
1321 1321 1321 1321 1321 1321 1321 1321 1321 1360 1321 1321 1321 1321 1321 1321 1321 1321
1321 1321 1321 1321 1321 1321 1326 1510 1310 5200 1510 2500 1321 1321 1321 1326 1321 1321
1321 1321 1321 1321 1321 1321 1324 1321 2600 1321 1321 6200 1321 1321 1321 1321 1321 1321
1326 1323 1321 1321 1321 1321 1321 1321 1321 1321 1321 1321 1321 1321 1321 1321 1321 1321
1326 1321 1322 1321 1321 1400 1321 1324 1600 1321 1321 1321 1321 5600 1321 1321 1321 1321
1321 1321 1321 1321 1360 1321 1321 1321 1321 1321 1321 1330 1321 1321 1321 1321 1321 1321
2200 1321 1321 1326 1321 1321 1321 1321 1321 1321 1324 1321 1326 1325 1321 1321 2500 1326
5600 1321 1321 1321 1321 1330 1340 1350 1321 1321 1321 1321 1322 1321 1321 1321 1321 1321
1321 2600 1321 1321 1321 1321 1321 1321 1321 1340 1323 1323 1321 1321 1321 1321 1321 1321
1321 1321 1321 1321 1321 1321 1321 1321 2200 5200 1321 1321 5600 1321 1321 1321 1321 1326
1321 1321 1321 1321 1321 1321 1250 1325 4200 1321 1321 1321 1321 1321 1321 1321 1321 1321
1321 1321 1321 1321 1321 1321 1321 1321 1321 1321 1321 1321 1326 1326 1321 1321 1321 1321
1321 1321 1340 1550 1321 1321 1321 1321 1321 1321 1321 1321 1321 1360 1321 1321 1310 1360
1330 1321 1321 1321 1321 1340 1321 1325 1321 1321 1321 1321 1321 1321 1321 1321 1321 1321
1321 1321 1321 1321 1321 1321 1321 1321 1550 1321 1321 1321 1321 1321 1321 1321 1321 1324
1510 429 1520 4200 1321 1321 1321 1321 1321 1321 5300 1310 1321 1321 1321 1321 1321 1321
1321 1321 1321 1321 1321 1321 1321 1321 1321 1321 1321 1321 1321 1321 1321 1321 1321 1321
1321 1321 1321 1321 1321 2200 1326 1321 1340 1323 1321 1321 1321 1321 1321 1326 1350 1340
1321 1321 1321 1321 1321 1321 1321 1310 1321 1321 1321 1321 1321 1321 1321 1321 1321 1321
1321 1321 1321 1321 1321 1321 1321 1321 1321 1321 1360 1321 1321 1321 1326 2600 1321 1321
1321 1321 1321 1321 1321 1340 1325 1540 2400 1340 1321 4200 1321 1321 1321 1321 1350 1600
1321 1321 1321 1321 1321 1321 1321 1321 1321 1324 1350 1550 1321 1321 1321 1321 1321 1550
6400 1321 1321 1321 1321 1321 1321 1321 1321 1321 1321 1321 1321 1321 1321 1321 1400 1321
1321 1321 1321 1321 1321 1321 1321 1321 1321 1321 1321 1321 1321 1321 1321 1321 1321 1324
1321 1321 1321 1321 1321 1321 1321 1321 1321 1321 1321 1321 1321 1321 1321 1321 1321 1321
1321 1321 1321 1321 1321 1321 1321 1321 1321 1321 1321 1321 1321 1321 1321 1321 1323 1321
1321 1321 1321 1321 1321 1321 1321 1321 1321 1321 1321 1321 1321 1321 1321 1321 1321 1360
1321 1321 1321 1321 1321 1321 1321 1321 6400 1321 1321 1321 1321 1321 1324 1325 1360 1540
1321 1321 1321 1330 1321 1321 1321 1321 1321 1321 1321 1321 1321 1321 1326 1321 1321 1321
1321 1321 1321 1326 1321 1321 1321 1321 1326 1321 2500 2500 1321 1321 1321 1321 1321 1325
1360 1321 1321 1321 1321 1321 1321 1321 1321 1321 1321 1321 1321 1321 1321 1321 1321 1321
1321 1321 1321 1321 1321 1321 1310 1321 1321 1321 1250 2500 1321 1323 1321 1324 1510 1321
1321 1321 1321 1321 1321 1321 1321 1321 1321 1321 1321 1321 1321 1321 1550 1321 1321 5600
1321 1321 1321 1326 1550 1321 1321 1326 1325 1323 1321 1321 1326 1322 1321 1321 1321 1321
1360 1321 1321 1321 1321 1321 1360 5600 1321 1321 1321 1321 1321 1321 1321 1321 1321 1321
1321 1321 1321 1321 1150 1350 1540 1340 2400 1321 1321 1340 1323 1321 1321 1321 1321 1325
1321 1321 1321 1321 1310 1321 1321 1321 1321 1321 1321 1321 1321 2500 1321 1321 1321 1321
1321 1321 1550 1321 6200 1600 1321 1321 1321 1324 1310 1321 1321 1321 1321 1321 1321 1321
1321 1321 1321 1321 1321 1321 1321 1321 1321 6200 1321 1321 1321 1324 1325 1360 1520 2400
1321 6200 1360 1326 1550 1321 1321 1321 1321 1321 1321 1321 1321 1321 1321 1321 1321 1321
1321 1321 1321 1321 1321 1321 1324 1323 1321 1321 5600 1321 1321 1321 1321 1330 1321 1321
1321 1321 1321 1322 1321 1321 1321 1321 1321 1321 1321 1321 1321 1321 1321 1321 1321 6200
1321 1321 1321 1321 1321 1310 1340 1322 1321 1321 1321 1326 1321 1321 1321 1321 1321 1321
5600 1321 1321 1321 1321 1321 6200 1321 1321 1321 1321 1321 1321 1321 1321 1326 1321 1325
1321 1321 1321 1321 2500 1321 1321 1321 1321 1326 1321 1321 1321 1321 1321 1321 1321 1321
1321 1321 1321 1321 1321 1326 1321 1321 1321 1321 1321 1321 1321 1321 1321 1321 1321 1321
1321 1321 1321 1321 1321 1321 1321 1310 1321 1321 1321 1321 1321 1340 1325 5200 1323 1321
1321 1321 1321 1321 1310 1321 1321 1326 1321 1321 1323 1321 1321 1321 1321 1321 1321 1326
1321 1321 1321 1321 1324 1323 1321 1321 1321 1321 1321 1321 1321 1321 1321 1321 1324 1323
1321 1321 1321 1510 1310 1321 1321 1321 1321 1321 1321 1310 1326 1321 1321 1600 1321 1321
1600 1321 1550 1321 1321 1321 1321 1321 1321 1321 1324 1325 1326 1321 1321 1321 1325 1323
1321 1321 1321 1321 1321 1321 1321 2400 1321 1321 1321 1321 1321 1324 1510 1325 1322 1324
1321 1321 1321 1321 1321 1321 1310 1321 1321 1360 1321 1321 1321 1321 1326 1321 1321 1321
1321 1321 1321 1321 1321 1321 1321 1321 1321 1321 6200 1321 1321 1321 1321 1321 1321 1321
1321 1321 1321 1321 1321 1321 1321 6200 1321 1250 1325 1510 1310 1321 1321 1321 1321 1321
1321 1321 1321 1321 1321 1321 1321 1321 1321 1321 1321 1321 1321 1321 1321 1321 1321 1360
1321 1321 1321 1321 1321 1321 1321 1321 1321 1324 1540 2400 1321 1321 1321 5300 1340 1310
1321 5600 2600 2200 1321 5300 2400 1321 1321 1321 1321 1321 1321 1321 1321 1321 1321 1321
1321 1321 1321 1321 1326 1150 1600 1321 1321 1321 1321 1321 1321 1321 1321 1321 1321 1326
1321 1321 1321 1321 1321 1321 1350 1310 1321 1321 1321 1321 1321 1321 1321 1321 1321 1321
1321 1321 1321 1321 1321 1321 1321 1321 1321 1321 1321 1321 1321 1321 1321 1321 1321 1321
1321 1321 1321 1321 1321 1321 1321 1321 1321 1321 1321 1321 1321 1321 1321 1321 1321 1321
1321 1360 1321 1321 1321 1321 1321 1321 1321 1321 1321 1321 1321 1321 1321 1321 1321 1321
1321 1321 1321 1323 1321 1326 1321 1321 1322 1321 1321 1360 1321 1321 1321 1321 1321 1321
1324 1326 1325 1325 1321 1325 1321 1325 1325 1325 1321 1325 1325 1322 1321 1321 1350 1325
1321 5300 1350 1600 1321 1321 1321 1321 1321 1360 1321 1321 1321 1321 1324 1323 1321 1321
1321 1321 1321 1321 1321 1321 1321 2600 1321 1321 1321 1321 1321 1321 1321 1321 1321 1321
1321 1321 1321 1321 1321 1321 1321 1321 1321 1321 1321 1321 1321 1321 1321 1321 1321 1321
1321 1321 1340 1322 1321 1321 1321 1321 1321 1321 1321 1321 1321 1340 1510 2600 1321 1321
1326 1321 1321 1321 1321 1321 1321 1321 1321 1321 5600 1321 1321 1321 1321 1321 1321 1321
1321 1324 1600 1321 6400 1321 1321 1321 1310 1340 1510 6200 1321 1326 1321 1321 1325 5200
1321 1321 1321 1321 1321 1321 1321 1321 1321 1321 1360 1321 1321 1321 1321 1321 1321 1321
2200 1340 1520 2400 1321 1321 1326 1321 1325 1321 1321 1325 1322 1323 1321 1321 1321 1321
1600 1321 1321 1321 1321 1321 1321 1321 1321 1321 1321 1321 1321 1360 1321 1321 1321 1321
1321 1321 1321 1321 1321 1326 1325 1600 1321 1360 1321 1340 1321 1321 1310 1321 1321 1321
1321 1321 1321 1321 1321 1310 1321 1321 1321 1321 1321 1321 1321 1321 1321 1321 1321 1321
1326 1321 2500 1321 1321 1321 1321 1323 1321 1324 1520 1321 1510 1350 1325 1325 2500 1321
