1321 1321 1321 1321 1321 1321 1321 1321 1326 1321 1321 1321 1321 1321 1325 1321 1321 1321
1325 1321 1110 1321 1321 1325 1600 1321 1326 1325 2400 1321 1321 1321 1321 1321 1321 1321
1321 1325 1325 1321 2600 1321 1600 1321 1326 1321 1321 1325 1321 1321 1321 1321 1326 1322
1321 1325 2500 1325 1326 1321 1360 1323 1322 1325 1325 1321 1325 1326 1321 1325 1325 1600
1321 6200 1321 1321 1321 1321 1321 1321 1321 1323 1321 1321 1321 1321 1321 4200 1310 1600
1321 1321 1321 1321 1321 1321 1321 1321 1321 1310 1321 1321 1321 1321 1321 1350 1326 1325
1321 1321 1321 1326 1321 1321 2400 1321 1321 1321 1321 1325 1325 1325 1325 1323 1323 1321
5298 1230 1321 1321 1325 1321 1321 1321 1321 1325 1325 1321 1325 1321 1321 5200 1321 1325
1321 1321 1321 1321 1321 1321 1325 1325 4200 1240 1326 4200 1560 1321 1326 1323 2500 1321
1321 1321 1321 1325 1321 1350 1321 1150 1360 1321 1321 1321 1321 1360 1321 1321 1321 1321
1321 1321 1321 1321 1321 1321 1321 1323 1323 1321 1326 1326 1325 1325 1360 1321 1220 1321
1321 1326 1324 1325 2100 1326 1321 1325 1240 1110 1360 1520 1325 1323 1323 6400 1350 1530
1321 1326 1321 1325 1321 1321 1321 1321 1323 1321 1325 1323 1326 1321 1321 1321 1325 1330
1321 1321 1321 1325 1230 1323 6300 1510 1321 1325 1321 1321 1321 4400 1321 1321 1321 1321
1321 1230 2500 1321 1325 1321 1321 1321 1321 1322 1321 1321 1321 1325 1330 1321 1321 1321
1321 1350 1324 1321 1321 1600 1321 1540 1360 1321 1325 1321 1600 1321 1322 1321 1321 1321
1321 1321 1323 1324 1323 1110 1360 1325 1321 1321 1324 1325 1323 1350 1321 1321 1360 1323
1321 1360 1321 1550 1321 1321 1326 1321 1321 1321 1321 1321 1321 1326 1323 1322 1324 1321
1321 1321 1321 1321 1560 1321 1325 1321 1321 1323 1325 1150 1323 4200 1325 1323 1323 1321
1321 1325 1330 1321 1321 6200 1321 1326 1321 1325 1321 1321 1321 1321 1321 1321 1321 1321
1321 1321 1321 1321 1325 1321 1321 1321 1321 1321 1321 1230 1323 1321 1321 1321 1350 1324
1321 1325 1321 1325 5500 4300 1360 1325 1321 1321 1321 1325 1323 1321 1321 1321 1321 1321
1321 1323 1323 1360 1321 1321 1325 1322 1321 1325 1321 1321 1140 1321 1321 6100 1325 1130
1325 1325 1321 4400 1321 1321 1325 1360 1321 3300 1325 1110 1325 1360 1321 1220 2500 1321
1321 1321 1321 1321 1321 1326 1140 1325 1321 1321 1321 1321 1321 1321 1240 1321 1310 1321
1321 1325 1321 1321 1321 1325 1323 1323 1321 1324 1510 1325 1323 3400 1321 1326 1323 1321
1321 1321 1350 5600 1321 1321 5300 1325 2200 1510 1321 1322 1325 1321 1321 1321 1321 1321
1321 1321 1321 1321 1326 1210 1560 1322 1321 1321 1321 1321 1321 1325 1321 1321 1321 1321
1321 1230 1321 1321 1321 1250 1321 1140 1540 1325 1110 1323 1350 1400 1321 1321 1321 1326
1321 1110 1321 1540 1321 1323 1321 1321 1321 1321 1321 1321 1321 1321 1321 1321 1325 1110
1321 1400 1321 1321 1321 1325 1321 2500 1323 1325 1310 1321 1321 1324 1321 1325 1321 1323
1325 1220 1325 1360 1321 1321 1321 1350 1321 1321 1321 1321 1321 1325 1325 1321 1323 1220
1321 1321 1321 1510 1321 1323 2500 1321 1321 1360 4100 1321 1321 1323 5300 1220 1130 1220
1321 1326 1321 1325 1326 6400 1325 1240 1325 1321 1321 1321 1321 1321 1321 1321 1321 1321
1321 1321 1323 1400 1322 1360 1325 1325 1321 1321 1321 1321 1321 1321 1321 1325 1360 1323
1321 1600 1321 1321 1321 1321 1321 1360 1322 1325 1321 1321 1321 1321 1321 1321 1321 1325
1321 1321 1321 1321 1321 1321 1322 1321 1321 1321 1560 1510 5300 1321 1321 1360 1340 1321
1321 1323 1325 1220 1321 1220 1321 1321 1325 1326 1326 1321 1220 1321 1321 2300 1323 1323
1321 1321 1325 1321 5300 1350 1330 1321 1325 2200 1321 1321 1325 1110 2600 1321 1321 1325
1321 1321 1321 1322 2200 1321 1321 1321 1321 1321 1321 1321 1600 2600 1321 1323 1321 1321
1321 1325 1321 1321 1321 1321 1325 1600 1323 1520 1560 1321 1325 1321 1250 1321 1321 1321
1321 1321 2300 1321 1321 1350 1321 1321 1321 1321 1321 1325 1325 1321 1325 1325 1321 1321
1321 1326 1220 1560 1321 1321 1321 1321 1325 1321 1321 1321 1326 1321 1321 1325 1321 1321
1321 1230 1510 1321 5400 1321 1321 1360 1321 1325 1321 1325 1321 1321 1321 2200 1321 1322
1321 1326 1321 1321 1140 1321 1325 1321 1220 1321 1321 1321 1321 1350 1321 1321 5200 1321
1321 1140 1323 1325 1220 1350 1340 1321 1321 1325 1325 1321 1321 1321 1324 1321 1321 1323
1321 2500 1321 1321 1321 1325 1321 1321 1321 1321 1360 1323 1325 1321 1325 1323 1321 1600
1321 1325 1324 1321 1321 1321 1321 1321 1321 1600 1321 1321 1325 1600 1321 1321 1325 1322
1321 1321 1321 1230 1321 1321 1321 1323 1324 1323 1520 1323 1321 1324 1323 1321 1321 1321
1321 1321 1321 1321 1321 1321 1321 1321 1220 1321 1321 1321 1321 1321 1321 1321 1321 1321
1321 1321 1325 1321 1321 1321 1321 1321 1321 1321 1321 1321 1326 1240 1321 1321 1326 1321
1321 1340 1310 5500 1323 1321 1321 1325 1110 1321 1325 1321 1321 1321 1322 1321 1323 1321
1330 1321 1323 1321 2500 4300 1321 1321 1321 1326 1321 1330 1321 1321 1321 1321 1325 1321
1321 1321 1321 1321 1321 1323 1600 1321 1321 1321 1321 1321 1321 1321 1325 1321 1321 1321
1321 1321 1600 1350 1324 1321 1325 1324 1510 1323 1250 1324 1520 1321 1310 1325 1321 1325
1321 1321 1323 1321 1325 1321 1321 1325 1326 1323 1321 1321 1321 1321 1220 1326 4200 1324
1321 1360 1321 1321 1325 1321 1326 1321 1324 1321 1326 1310 1323 1325 1321 1321 1321 1321
1321 1325 1321 1326 1321 1321 1321 1321 1321 1321 1321 1321 1321 1321 1321 1321 1321 1321
1321 1321 1325 1325 1321 1321 2200 1321 1321 1321 1325 1321 1321 1321 1321 1321 1321 1321
1325 1321 1323 1330 1510 1321 4200 1321 1321 1326 1321 1321 1321 1321 1321 1321 1321 1325
1321 1326 1325 1321 1250 1321 1321 1140 1321 1321 1325 1321 1321 1321 1326 1321 1600 1321
1321 6400 1340 1340 1325 1321 2600 1321 1230 1321 1321 1321 1324 1323 1600 1321 1321 6400
1321 1325 1310 1321 1321 1321 1321 1321 1321 1321 1321 1321 1321 1321 1321 1321 1324 1230
1321 1321 1340 1321 1360 1600 1321 1321 1350 1310 1326 1325 1321 1321 1321 1130 1400 1321
1321 1326 1310 1350 1324 2500 1321 4200 1360 2500 1323 1324 1321 1400 1110 4300 1321 1325
1321 2500 1324 1325 1321 1323 1321 1321 5300 1325 1326 1321 1326 1321 1326 1321 1321 1321
1321 1325 1321 1321 1350 1321 1321 1325 1321 1326 1324 1321 2200 1321 1326 1325 1321 1321
1321 1321 1321 1321 1310 1325 1321 1321 1321 1321 1321 1321 1250 1321 1321 1325 1321 1321
1321 1321 1321 1110 1600 1321 5500 1321 1321 1325 1324 1326 1321 1321 1324 1240 1323 1321
1321 3300 1321 1321 1321 1220 1321 1321 1321 1321 1550 1321 1600 1321 1321 1321 1321 1321
1321 1250 1110 1321 1321 1321 1321 1321 1330 1321 1325 1321 1321 1321 1325 1560 1321 1326
1321 1326 1321 1321 1321 2600 1400 2600 1323 1323 1321 1321 1321 1350 1325 1323 1322 1321
1321 1325 1110 1400 1325 1323 1110 2100 1321 1325 1321 1325 1321 1321 1321 1321 1321 1321
1321 1326 1321 1321 1324 1321 1321 1321 1321 1325 1321 1321 1325 1326 1324 1110 1321 1321
1321 1321 1350 1321 1325 1130 1321 1321 1321 1325 1325 1321 1321 1325 1321 1321 1323 1323
1321 1321 1321 1321 1325 1326 1321 1321 1321 1321 1150 1350 1324 6400 1321 1321 1321 1321
1321 1321 1325 5300 1360 1321 1321 1340 1321 1321 1321 1321 1160 1321 1321 1321 5300 1321
1321 1322 1321 1230 1321 1325 5300 1400 1325 1540 6400 1321 1325 1325 1325 1321 1321 1321
1321 1321 1321 1321 1321 1321 1321 1325 1321 1321 1325 6400 1326 4200 1325 1321 1321 1321
1321 1325 1321 1321 1321 1310 1323 1321 1321 1550 1510 1323 1325 1321 1321 1321 1560 1321
1321 1323 1325 1350 1325 6400 1323 1321 1325 1321 1324 6400 2500 1240 1321 1321 1321 1321
1321 1325 4200 3400 1325 1130 1325 6400 1321 1323 1321 1321 1325 1323 1321 1321 1321 5500
1321 1323 5500 1321 1321 1325 1230 1230 5300 1321 1321 1321 1321 1321 1321 1321 1321 1323
1321 1321 1330 1325 5600 1321 1600 1321 1360 1360 5200 1326 5200 1340 1324 1323 1321 1322
1321 1321 1326 1325 1325 1321 1520 6300 1323 1110 1325 1326 1321 1321 1325 1323 1321 1321
1321 1321 1321 1260 1321 1321 1321 1321 1321 1321 1321 1325 1321 1325 1321 1325 1325 1321
1321 1321 1321 1321 1321 1326 1325 1321 1321 1321 1323 1150 1321 1220 1321 1321 1321 1321
1321 1325 1326 1321 1321 1321 1210 1321 1321 1321 1321 1321 2500 1600 1321 1321 2100 1350
1321 1321 1321 1321 1321 1326 1160 1321 1321 1321 1321 1325 1230 1350 1321 1520 5500 1321
1321 1321 1321 1321 1325 1325 1310 1240 1350 1350 1325 1325 1321 1240 1321 1321 1321 1321
1321 1325 1321 1325 1360 1323 3300 1510 1310 1321 1321 1321 1321 1321 1321 1321 1321 1321
1321 1324 1324 1340 1321 4200 1321 1321 1321 1360 1321 1321 6400 1600 1325 1321 1321 1321
1321 1321 1321 1325 1325 1323 6400 1321 1310 1321 1321 1321 1321 1321 1321 1321 1600 1321
1321 1360 1323 1321 1321 1321 1321 1324 1240 1321 1326 1321 1321 1325 6200 1321 1326 1110
1321 1321 3200 1326 1325 1600 1321 1326 1321 1400 1325 1325 1326 1323 1325 1350 1321 1321
1321 1325 1510 1325 1400 1321 1360 6200 1321 1321 1321 1326 1325 1322 1321 1321 1321 1321
1321 1321 1520 1321 1321 1321 1321 1321 2600 1326 1321 1321 1321 1321 1321 1321 1321 1321
1321 1325 1323 1321 1321 1250 1324 1326 1150 1321 1326 1321 1321 1325 1321 1325 3400 1323
1321 1321 1321 1230 1310 1321 1321 1321 1321 1321 1321 1321 1321 1321 1321 1310 1325 1350
1321 1321 1600 1321 1321 1321 1321 1321 1321 1321 1321 1360 1321 1321 1321 1321 1321 1321
1321 4172 1325 1321 1321 1321 1321 1321 1321 1326 1323 1323 1321 1321 1325 1321 1321 1321
1321 1325 1321 1321 1321 1321 1250 1321 1600 1321 1321 1323 1321 2100 1150 1230 1310 1321
1321 1340 1321 1321 1321 1321 1250 1321 1321 1110 5300 1321 1321 1600 1321 1321 1325 1326
1321 1321 1325 1323 1321 5300 1321 1321 1325 1325 1325 1321 1321 5300 2100 1325 1220 1220
1321 1321 1321 1321 1400 1321 3300 1321 1321 1321 1321 1326 1230 1321 1230 1321 1321 1350
1321 4956 1321 1321 1322 1325 1321 1326 1130 1220 1321 1325 1321 1325 5300 1321 1321 1321
1324 1326 1110 2100 1321 1321 1321 1325 1321 1321 1321 1321 1321 1321 1321 1326 1140 1600
1321 1325 1323 1110 1321 1326 1323 4200 1321 1325 1321 1321 1321 1321 1600 1325 1321 1330
1321 1321 1321 1321 1321 1321 1250 1323 1324 1325 1325 1130 1321 1400 5500 1325 1600 1350
1321 1321 1220 1321 1325 1321 1321 1321 1323 1250 1325 1321 1325 1321 1321 1321 5500 1325
1321 1326 4200 1400 1321 1321 1560 1321 1321 1321 1321 1321 5500 1321 1325 1321 1321 1321
1321 1326 1360 1321 1600 1325 1321 1321 1321 1321 1140 1321 1321 1321 1325 1325 1230 1321
1321 1321 4200 1540 2200 1321 1323 1325 1321 1321 1321 1321 1321 2600 1321 1321 1321 1321
1321 1321 1321 1321 1321 6400 1325 1323 1321 1400 1321 1326 1323 1325 1325 1323 1321 1325
1321 1230 1325 1321 1321 1321 1330 1323 1321 1321 1321 1321 1325 3300 1323 1326 1321 1325
1321 1321 1321 1220 6400 1325 1360 1540 1321 1321 5500 1325 1600 1325 1360 1326 1325 1321
1321 1321 1325 1321 1350 1321 1220 1321 1360 1323 1321 1321 1321 1321 1322 1321 1323 1321
1321 1325 1600 4400 1325 1350 2100 1326 1321 1326 1321 1321 1321 1321 1323 1323 1321 1325
1321 1321 1325 1323 1324 1323 1326 1110 1323 1350 6400 1350 1321 1325 1321 1321 1323 1321
1321 1323 1326 1321 1321 1321 1321 1321 1325 1321 1110 1321 1321 1321 1321 4200 1323 1325
1321 1321 1321 1321 1325 1330 1325 1321 1321 1321 1321 1325 1321 1321 1321 1321 1323 1110
1321 1325 1321 1325 1323 1321 1323 1230 1321 1350 1324 1260 1321 6400 1321 1325 1323 1325
2889 1321 1325 1321 1321 1600 1321 1325 1321 1321 1325 1321 1321 1321 1321 1321 1325 1321
1321 1325 1325 1321 1321 1326 1230 1325 1250 1325 1321 1325 1324 1326 1321 1360 1321 1360
1321 1322 1325 1321 1321 1321 1340 1321 1321 1510 4300 1325 1326 1322 1321 1321 1220 1321
1321 1321 1321 1321 1321 1325 1600 1321 1321 2200 1324 1326 1323 1325 1325 1600 1350 1321
1321 1321 1325 1322 1321 1321 2200 1323 2500 1325 1321 1321 1321 1321 1321 1321 1325 1321
1321 1220 1321 1321 1321 1321 1321 1350 1324 1310 1321 1324 1321 1250 2500 1321 1325 1321
1321 1321 1321 1321 1321 1321 6400 1321 1325 1321 1321 1321 1321 1321 1321 1321 1321 1325
1321 1321 1321 1321 1326 1321 1321 1321 1325 1325 1321 1321 1321 1321 1322 1321 1325 1321
1321 1321 1323 1321 1330 1360 1323 1325 1323 1321 1321 1324 1321 1325 6400 1321 1325 1321
1321 1340 1321 5200 1325 1325 3100 1326 1325 4200 1325 1325 1325 1230 1324 1321 1321 1321
1321 1321 1321 1321 1321 1350 1150 1323 1326 1325 1323 1321 1321 1323 1310 1325 1321 1321
1321 1321 1550 1321 1321 1321 1321 1321 1321 1321 1325 1321 1321 1322 1321 1321 1321 1321
1321 1140 1321 1325 5200 1321 1326 1321 1321 1321 1321 1321 1325 1321 1321 1325 1321 1321
1360 1321 1321 3300 1321 1321 1321 1230 1321 1321 1321 1321 1230 1325 1321 1321 1326 1321
1321 1321 1321 1321 1321 1325 1325 1321 1321 1325 1325 1326 1325 1324 1326 1321 1321 1326
1321 1325 1321 1321 1321 1110 1321 1321 1321 1321 1321 1321 1321 1321 1321 1321 1321 1360
1321 1324 1324 1321 1321 1321 1321 1321 1321 1321 1321 1321 1360 1326 3100 1330 1321 1321
1321 1326 1325 1360 1325 1600 1321 6400 1321 3100 1321 1350 1323 1321 1321 1321 1321 1240
1321 2200 1321 1323 1326 1323 1321 1321 1323 1325 1321 1325 1325 1326 1321 1321 1321 1321
1321 1323 1325 1360 1520 6400 1321 1321 1321 1330 1321 1325 2500 1510 1340 2300 1321 1321
1321 1321 1360 1323 1324 1325 1600 1321 1321 1323 1350 1321 1325 1325 1321 1330 1220 1324
1321 1321 1321 1321 1321 1321 2600 1350 1321 1250 1325 1321 1310 1321 1360 1321 1325 1326
1321 1325 1260 1321 1321 1321 1325 1321 1321 1321 1250 1321 1321 1321 1321 1325 1321 1321
1321 1321 1321 4200 1325 1325 1323 2200 1325 1325 1321 1321 1310 1321 1321 1321 1321 1323
1321 1321 1321 1321 1322 1325 1321 1321 1321 5500 1321 1321 1321 2200 1325 1321 1110 1321
1321 1321 1321 1323 1600 1360 1321 1321 1321 1321 1326 1321 1321 1321 1321 1321 1325 1110
1321 1321 5300 1321 1321 1321 1325 1321 1321 1321 1340 1540 1360 1350 1350 1321 1360 1110
1321 1321 1325 1321 1321 1325 1321 1321 1321 1321 1321 1321 1321 1321 1325 5300 1325 1321
1321 1340 1325 1325 1325 1321 1321 1321 2300 1321 1325 1321 1321 1321 5200 1321 1321 1321
1321 1326 1326 1321 3400 1360 1325 1321 1360 1321 1321 1321 1321 1323 1321 1250 1321 1321
1321 1321 1321 1325 1321 1321 1321 1321 1321 1325 1350 4200 1325 1321 1326 1325 1325 1321
1321 5500 1321 1321 1321 1321 1321 1325 1321 1321 1321 1321 1321 1325 1321 1310 4400 1321
1321 1321 1600 1321 1321 1321 1321 1323 1321 1321 1325 1360 1360 1240 1321 1130 1321 1321
1321 1140 1323 2500 1323 1321 1321 1321 1325 1321 1326 1140 1321 1321 1321 1321 1321 5300
1321 1321 1321 1321 1321 1321 1325 1321 1350 1321 6400 2600 1321 1321 1325 1325 1326 1321
1321 1324 1321 1321 1325 1325 1321 1321 1325 1326 1321 1325 1560 1321 1321 1321 1350 1160
1321 1323 1321 1321 1325 1321 1310 1321 5300 1321 1321 1321 1321 1326 1321 1325 1321 1321
1321 1360 1325 1323 1340 1321 1321 1321 1321 1321 1325 1321 1326 1325 1321 1321 1321 1321
1321 1321 1321 1323 1321 1310 1321 1330 5300 1326 1321 1321 1321 1310 1321 1321 1325 1326
1321 1326 4100 1321 1325 1321 1321 1321 1321 1321 5300 1321 1321 1330 1220 1321 1321 1310
1321 1321 1321 1321 1321 1321 1321 1323 1325 1321 1321 5200 1326 1325 4200 1360 1325 1321
1321 1321 1321 1321 1321 1323 1340 1321 1321 1325 1321 1110 2600 1321 1321 1321 1321 5200
1321 1340 5500 1321 1325 1321 1326 1321 5200 1230 1325 1323 1321 1321 1360 1323 1323 1321
1321 1400 1325 1325 1321 1325 1325 1321 1321 1321 1321 1325 1325 1340 1321 1321 1321 1324
1321 1321 1326 1250 1323 1325 1321 1220 1321 1326 1321 1321 1321 1321 1323 1350 1321 1325
1321 1321 1325 1321 1325 1326 1325 1321 1321 1321 1321 1321 1326 1322 1321 1321 1321 1321
1321 1321 1325 1326 1321 1321 1325 1325 1321 1321 1600 1321 1322 1321 1323 1321 1321 1321
1321 1321 1321 1325 1321 1321 1321 1321 1321 1321 1321 1321 1326 1360 1321 1321 1321 1321
1321 1323 1323 1325 1321 1321 1321 1321 1321 1321 1321 6400 1321 1321 1321 1326 1321 1321
1321 1220 1323 1326 1325 1600 1324 1325 1321 1350 1321 1321 1321 1321 1325 1321 1360 1325
1321 1321 1326 1321 1321 1325 1321 1321 1325 1321 1400 1321 1321 1326 1323 1321 1323 1520
1321 1321 1360 1326 1321 1321 1321 1321 1321 1321 1321 1321 1321 1324 1321 1322 4200 1230
1321 1321 1321 1325 1510 1321 1321 1321 1321 1321 1321 1321 1325 1325 1321 1325 1321 1326
1321 1325 1325 1321 1325 6100 1321 1321 1321 1350 1321 1250 1325 4300 1321 1323 1326 1360
1321 1321 1600 1321 1321 1321 1321 1321 1321 1321 1321 4200 1325 1400 1321 1321 1325 1321
1321 1321 1321 1321 1321 1321 1310 1325 5500 1323 1321 1321 1321 1325 1321 1230 1350 4100
1321 1321 1321 1321 1326 1330 1321 1325 1321 1325 1321 1321 1250 1323 1321 1360 1321 1321
1321 1325 1321 1321 1321 1321 1321 1130 1321 1321 1321 1321 1321 1321 1321 1325 1325 1321
1321 1321 1321 1321 1323 1326 1323 1321 1321 1321 1321 1325 1321 1321 1321 1360 1321 1240
1321 1321 1326 2600 1323 1321 1321 1321 1325 1321 1321 1321 1321 1321 1321 1321 1321 1321
1321 1321 1321 1350 1325 1110 5300 2500 1321 1550 1321 1325 1560 1321 5300 1310 1325 1323
1321 5300 1321 1321 1321 1325 1321 1325 1325 1325 1321 1600 1321 1321 1321 1321 1530 1321
1321 1321 1321 1321 1321 1326 1520 1326 1321 1326 1325 6400 1321 1321 1325 4200 1220 1600
1321 1510 1150 1360 1321 1321 1321 1321 1321 1321 1321 1240 1321 1600 1321 2200 1326 5300
1321 1321 1324 1321 1321 1321 1321 1321 1321 1321 1321 1310 1326 1325 1321 1325 1323 1321
1321 1321 1321 1321 1321 1321 1321 1325 1230 1321 1322 1321 1321 1326 1325 1321 1321 1321
1310 1321 1321 1321 1321 1321 1326 1321 1321 1321 1321 1321 1350 5300 1321 1321 2100 1321
1321 1325 1110 1600 1321 1220 1350 5200 1321 1325 1321 1321 1321 1321 1321 1321 1321 1321
1321 1321 1321 5300 1560 5500 1321 1321 1321 1321 1324 2500 5200 1321 1260 1322 1530 1340
1321 1321 1325 1321 1321 1321 1325 1321 1321 1325 1321 1325 1321 1321 1321 1321 4200 1325
1321 1326 1325 4200 1110 1340 1321 1250 1324 2600 1323 6400 1321 1321 1325 1321 1326 1321
1321 1321 1321 1325 1321 1325 1321 1310 1321 1321 1321 1240 1510 1321 1321 1321 1325 1322
1321 1321 1321 1321 1321 1220 1325 1324 1325 1321 1325 1321 1321 1321 1360 1325 1560 1321
1321 1230 1326 1321 1321 1321 1321 1326 1321 1321 1321 1321 1325 1321 1321 1321 1321 1326
1321 1600 6300 1321 1321 1321 1325 6400 1321 1324 1321 1323 1323 1400 1321 1321 1321 1230
1321 2400 1321 1321 1326 1325 4200 1321 5300 1325 1325 1250 1321 1321 1325 1323 2500 1321
1321 1321 1321 1324 1321 1321 1325 1130 1321 1321 1321 1321 1321 1321 1321 1321 1321 1321
1321 1321 1321 1325 1321 1321 1321 1321 1321 1321 5500 1321 1324 1321 1325 4200 1220 1321
1321 1321 1321 1321 1321 1323 1350 1325 1400 1321 1321 1321 1321 1321 1325 1321 1321 1220
1321 1321 1110 1321 1321 1326 5500 1321 1325 1321 1321 1321 1150 4400 1321 1600 1321 1321
1321 5500 1321 1321 1321 1325 1321 1321 5500 1326 1321 1321 1323 1321 1360 1326 1326 1321
1321 1321 1321 1325 1325 1325 1350 1250 1325 1321 1321 1321 1321 1325 1110 1321 1321 1321
1321 1326 1325 1321 1325 1325 1321 1321 1321 1321 1321 1323 1321 1600 1321 1600 1321 1325
1321 1321 1321 1325 1321 1321 1321 1321 1321 1260 1324 1325 1400 1321 1321 1321 1321 1326
1321 1321 1350 1324 1324 1360 1321 1321 1321 1321 1321 2100 1321 1321 1321 1321 1325 1600
1321 1321 1360 1321 1321 1325 1325 1340 1330 1321 1321 1325 1321 1321 1321 1321 1321 2100
1321 1321 1321 1325 2500 1321 1325 1323 1321 1325 1325 1360 1150 1323 1326 2300 1321 1321
1321 1321 1321 1321 1321 1321 1321 1321 1325 1321 1321 1323 1321 1321 1220 1326 1325 1340
1321 1321 1325 1330 1323 1321 1321 2500 1325 1321 1600 1321 1321 1321 1326 1260 1325 1325
1321 1321 1321 1321 1321 2300 1325 1321 1325 1321 1321 1326 1321 1220 1321 1310 1330 1326
1321 1321 1321 1325 1321 1321 1321 1325 1321 1321 1323 1321 1220 1325 1326 1325 1321 1321
1321 1321 1321 1240 1325 1325 1321 1321 1560 1325 1326 1325 1321 1321 1321 1326 1321 1321
1321 1321 1325 1321 4200 1322 1321 1321 1321 1323 2500 1321 1325 1326 1322 1321 1310 1321
1321 1220 1321 1321 1321 1326 1326 1325 1321 1321 1360 1324 1325 6400 1321 1340 1321 1321
2200 1321 1321 1321 1321 1321 1321 1325 1321 1325 1321 1321 1321 1110 1560 1323 1322 1600
1321 1324 1326 1321 1321 1321 1326 1321 1321 1325 1325 1110 1325 1321 1321 1321 1600 1325
1321 1326 1321 5500 1323 1325 1325 2600 1110 1325 1323 1220 6200 1321 1322 1321 1326 1321
1321 1325 1321 1321 1321 1321 3100 1321 1321 1400 1321 1321 1321 1321 1321 1350 1240 1321
1321 1321 1321 1321 1321 1321 1321 1325 1321 1321 1350 1321 1350 1321 1321 5500 1323 1325
1325 1510 2500 1324 1321 1321 1150 1323 1323 5200 1321 1360 1321 6400 1321 1321 1321 1323
1321 1325 1110 1321 1321 1321 1321 1321 1321 1321 1323 1325 2500 1321 1323 1360 1321 1321
1321 1325 1321 1321 1321 1321 1240 1321 6400 1321 1321 1321 1321 1321 1321 1325 1321 1321
1321 1321 1321 1326 4300 1321 1321 1321 1140 1326 6400 5500 1326 1325 1321 1321 1324 1323
1321 1321 1325 1321 1325 1321 1326 1321 1325 1321 1321 1321 1321 1321 2600 1325 1323 1325
1321 1321 1321 1321 1321 1321 1321 1321 1310 1321 1321 3300 1321 1321 1321 1321 1321 1325
1321 1321 1321 1324 1321 5300 1321 1321 1321 1326 1323 1321 1325 1321 1321 1321 1321 1310
1321 1321 1325 1321 4400 1325 1360 1323 1321 1321 1321 2600 1321 1360 1325 1330 1325 1325
1321 2600 1321 1321 1321 1321 1321 1321 1321 1321 1321 1321 1321 1321 1321 1321 1321 1321
1321 1325 1324 1321 1325 1350 1325 2600 1321 1360 1325 1321 1560 6200 1321 1321 1321 1321
1321 1321 1321 1550 1321 1321 1321 1321 1321 1321 1321 1321 1321 1326 1321 1321 1321 1325
1321 1321 1321 1321 1321 1321 1210 1321 1323 1323 1600 1326 1323 1360 1321 1321 1321 1321
1321 1350 1322 1321 1321 1321 2600 1321 1321 1321 1323 1321 6400 1310 1326 1325 1321 1321
1321 1360 1326 1520 2600 1350 4200 1350 1350 1321 1321 2600 1321 1321 1520 1323 1325 1325
1321 1321 1321 1321 1321 1321 1321 1360 1322 1321 1321 1321 1321 1550 1321 5500 1360 2300
1321 1321 1325 1321 5300 1600 1321 1321 1321 1321 1321 1321 1325 1322 1321 1325 1321 1321
1321 1321 1321 1321 1322 3100 1321 1321 1321 1600 1325 1322 1321 1321 1321 1321 2600 1321
1321 1325 1323 1321 1325 1250 1324 2400 2500 1220 1325 1325 2200 1321 1321 1321 1325 1324
1321 1321 1321 1321 1321 1360 1360 1321 1400 1321 1321 1321 1321 1321 1321 1321 1321 1321
1321 1323 4200 1321 1321 1325 1321 1321 2200 1325 1321 1321 1321 1321 1321 1321 3100 1325
1321 1325 1321 1321 1321 1325 3100 1325 1321 1321 1326 1321 1325 1321 1323 1321 1321 1321
1321 1325 1321 1321 1321 1321 1321 1321 1321 1324 1230 1400 1321 1321 1325 1323 1321 1325
1321 1321 1321 1326 1325 1323 1250 1325 1321 1321 1325 1321 1321 1321 1321 1325 1321 1321
1240 1325 1325 1321 1600 1321 1321 1321 1321 1323 1340 1321 1321 1321 1325 1321 1326 1324
1321 1321 1321 1321 1321 1324 1321 1321 1321 1325 1321 1325 2600 1321 1321 1321 1321 1321
1321 1360 1323 1321 1325 1321 1321 1321 1321 1321 1321 1321 1324 1321 1321 1360 1360 1325
1321 1220 1321 1600 1321 1321 1321 1321 1324 6400 1340 1323 1323 1321 1321 1323 1600 1325
1321 1321 1250 1325 1325 1600 1323 1321 1321 1321 1400 1220 1330 1321 1310 1321 1321 1321
1321 1321 1321 1321 1321 1321 1321 1321 5300 1321 1321 1321 5300 1350 1360 1321 1323 1321
1321 1323 1110 1530 1321 1321 1325 1321 1321 1321 1326 1321 1321 1321 1324 1110 1321 6400
1321 1323 1321 5200 1324 1325 1323 1360 1360 1325 1321 1321 1325 1321 1325 4200 5200 1325
1321 1323 1321 1321 1530 1321 5500 1321 1321 1325 1600 1321 1600 1321 1321 1321 1140 1321
1321 1321 1321 1321 1321 1321 1130 1321 1321 1321 1321 1324 1326 1321 1321 1321 1321 1321
1321 1321 1321 1321 1520 1350 1321 1325 1325 1321 1321 1321 1321 1326 1321 1321 1321 1322
1321 1310 1560 1326 1321 1321 1325 1324 1310 1240 1323 1250 1321 1324 1323 1325 1321 1520
1326 1321 1321 1321 1321 1321 1321 1140 1321 1321 1323 1321 1321 1321 1321 1321 1325 1325
1321 1321 1325 1321 1321 1321 1325 1321 1321 1321 1321 1310 1321 1321 1321 1325 1321 1321
1321 1325 1321 1321 1321 1321 1325 1321 1350 1321 1400 1323 1321 1325 1326 1321 1321 1321
1321 1326 1310 1321 1321 1321 1321 1310 1220 1321 1321 4200 1321 1350 1325 1360 1323 1325
1321 1325 1325 6400 1321 1325 1321 1321 1360 6200 1321 1310 1321 1321 1321 1323 1325 1326
1321 1321 1321 1321 1321 1321 1323 1326 1321 1321 1321 1321 1321 1321 1321 1321 1321 1321
1321 1321 1321 1321 1321 1321 1321 1560 1321 1321 1321 1321 1321 1325 1325 1325 1321 1321
1321 1321 1321 1321 1321 1321 1323 1321 1323 1325 1321 1325 4200 1600 1321 1321 1220 1560
1321 1321 1321 1321 1520 1321 1321 1321 1321 1323 1321 1321 1230 1321 1323 1321 1321 1321
1321 1321 1321 1321 1325 1321 1321 1321 1321 1321 1600 1321 1321 1321 1325 1321 1321 1321
1321 1321 1321 1325 1360 1321 1321 3300 1323 1321 1325 1260 1325 1326 1350 1323 2500 1321
1321 1321 1321 1321 1321 1321 1323 1321 1321 1321 1321 1321 1321 1325 1326 2600 1350 1321
1321 1323 1520 1321 1321 1325 1326 1323 1350 5200 1321 1321 1360 1321 1321 1324 1360 1323
1321 1321 1321 1321 1321 2600 1326 1110 1321 1321 1321 1324 1400 1323 1323 6200 1321 1600
1321 1250 1321 1321 1325 1321 1321 1321 1250 1323 1560 1321 1400 1321 1321 1321 1325 1321
1321 1321 1321 1321 1321 1310 1325 1321 1321 1321 1321 1321 1321 1321 1321 1310 1321 1321
1321 1321 1325 1321 1323 1321 1540 1325 1325 1321 1325 1321 1321 1321 1321 1321 1321 1321
1321 1326 1321 1321 1330 1321 1326 1325 1326 1321 1321 1321 1321 1321 1510 2500 1325 1321
1321 1321 1321 1323 1325 1321 1321 1321 1325 1321 2600 1321 1321 1321 1325 1325 1321 1321
5100 1326 1110 1321 5400 4200 1110 1230 4200 6200 1321 5500 1321 1321 1321 1321 1321 1400
1321 1325 1110 1325 1321 1321 1321 1321 1321 1321 1325 1321 1321 1321 1321 1326 1321 1325
1321 1321 1321 1321 1325 1321 1321 1321 1321 1321 1321 1325 1321 1321 1321 1321 1321 1321
1321 1350 1210 1325 1321 1310 1321 1323 1340 1321 1321 1321 1321 1321 1325 1321 1510 1325
1321 1321 1321 1310 1321 1321 1321 1326 1321 1321 1321 1321 1323 5200 5300 1323 1323 1325
1325 1321 1321 1321 1321 1324 1325 1321 1321 1321 1321 1321 1321 1360 1321 1325 5500 1321
1321 6200 1321 1150 1325 1321 1321 1321 1321 4300 1321 1321 2600 4400 1321 1325 1321 1321
1321 1321 1321 1325 1325 1325 1321 1321 1230 1325 1326 1321 1326 1325 1321 1326 1110 1530
1321 1250 1325 1520 1321 1220 1110 1250 1325 1130 1321 1321 1321 1321 1321 1321 1321 1321
1321 1321 1321 1325 1325 1310 1321 1321 1321 1330 1321 5500 1321 4200 1325 1326 1150 3400
1321 1321 1321 1323 1323 1220 1321 1321 1540 1321 1240 6300 1321 1321 1321 1321 1325 1250
1321 1321 1321 1321 1321 1321 1321 1321 1340 1325 1321 1321 1325 1321 4200 1240 1321 1321
1321 1321 1321 5500 1322 1323 1325 1323 4200 1325 1321 1321 1321 1326 1360 1321 1321 1321
1321 1321 1321 1321 1321 1321 1321 1321 1321 1321 1321 1310 1600 1230 1321 1326 1321 1323
1321 1321 1321 5500 1321 1321 1321 1325 1530 1321 1321 1321 1326 1321 1325 1321 1321 1321
1321 1321 1326 1321 1321 1321 1321 1321 1600 1321 1321 1360 1326 1220 1321 1110 1321 1326
1321 1324 1321 1321 1321 1321 1321 1321 1325 1323 1321 1350 1230 1321 1321 1325 1321 1326
1321 1326 1323 1323 6400 1325 1340 1321 1321 1326 1150 1325 1323 4100 1321 1321 1321 1325
1321 1326 1321 1321 1326 1350 1324 1325 1250 1323 1340 1321 1321 1325 1321 1321 1321 1321
1321 1325 1350 1326 1325 1400 1321 1321 1321 1325 1326 1325 1600 1321 1321 1310 1220 1110
1321 1321 1326 1325 1321 1321 1321 1323 1321 1323 1321 1321 1321 1321 1321 1321 1321 4400
1321 1321 1321 1325 1321 1321 1325 1321 1321 1321 1326 1323 1325 1324 1325 1510 1326 1230
1321 1321 1321 1321 1321 1321 1321 1321 1325 1321 5300 1323 2200 1321 6200 1321 1600 1326
1321 1321 1326 1323 5100 1321 1326 1321 1325 1325 1520 1325 1325 1110 1325 1321 1330 5500
1321 1350 1323 1325 1325 1325 1321 1325 1321 1326 1321 1321 1220 1321 1321 1321 1326 1321
1321 1321 1321 1360 2100 1323 1323 6400 1321 1321 1321 1326 5500 1325 1323 1321 1340 1321
1321 2200 1321 1321 1325 1321 1325 1323 1325 1325 1325 1230 1321 1321 1321 1321 4200 1130
1321 1321 1325 1321 1360 1326 1321 1321 1321 1321 1321 1321 4200 1340 2400 1321 4400 1321
1340 1321 1325 1321 1321 1321 1321 1321 1321 5100 1326 1321 1325 1520 1321 1321 1321 1325
1321 1321 1323 1321 1325 1321 1325 1321 1321 1321 1321 1321 1321 1321 1325 1321 1350 1250
1321 1530 1321 1321 1325 1325 1520 1321 1321 1321 1321 1325 1321 1321 1321 1310 1321 1321
1321 1321 1321 1322 1321 1325 1321 1325 1325 1321 1321 1550 1321 1325 1321 4200 1321 1321
1321 1321 1321 1321 1321 1321 1321 1321 1321 1326 1321 1350 1321 1326 1321 1321 1250 1324
1321 1325 1325 1323 1325 1323 1326 1322 1321 1321 1325 1321 1323 1321 1325 1321 1321 1323
1321 1321 1321 1323 1321 5600 1321 1321 1326 1326 1325 1324 1321 1321 1323 1321 1360 1321
1321 1360 1325 1321 1323 1321 1321 1321 1321 1321 1321 1321 1321 1150 1321 1323 1326 1321
1321 1321 1321 1321 1321 1321 1321 1325 1220 2500 1360 1325 1321 1324 1321 1321 1321 1321
1321 1321 1321 1321 1360 1325 1321 1325 1326 1321 1321 1325 1321 1325 1323 1325 1325 1321
1321 1360 1321 1321 1321 1321 1321 1325 1325 1360 1325 1326 1321 1230 1325 1326 1326 1326
1321 1325 1321 1325 1324 1321 1321 1321 1321 1321 1321 1321 1321 1321 1321 1325 1325 1321
1321 1326 2500 1321 1321 1325 1322 1325 1325 1321 1326 1321 1325 1321 1321 1325 1325 1326
1321 1321 1321 1325 1321 5600 1321 5200 1326 1326 1321 1520 1321 1140 1520 1350 1321 1321
1321 1321 1321 1210 1321 1321 1321 1325 1325 1321 1321 1321 1321 2500 1325 1325 1321 1321
1321 1321 1321 1321 1321 1323 1321 1321 1326 1321 1321 1321 2600 1325 1400 1321 1321 1321
1321 1321 1321 1321 1321 1321 1321 1321 1321 1321 1321 1326 1321 1321 1321 1220 1321 1321
1321 1322 1321 1322 1321 1321 4200 1360 1323 1520 1325 1321 1260 1360 1321 1325 1325 1321
1321 1321 1321 1321 1600 1321 1321 1600 1321 1321 1360 1324 1600 1325 1321 1321 1321 1321
1321 1325 1360 1321 1321 1360 1322 1321 1325 1330 4200 4300 1325 1321 1360 1323 1323 1110
1321 1321 1321 1321 1600 1321 1321 4100 1321 1321 1230 1321 1326 1326 1326 1321 1325 1321
1321 1321 1310 1325 1326 1325 2200 1321 1321 1321 1321 1321 1325 1323 1321 1325 1321 1321
1250 1324 1360 1321 1323 1321 1321 1321 1325 1321 1321 1321 1321 1321 1250 1321 1325 1321
1321 1321 1350 1321 1321 1321 1326 1350 2500 1325 1321 1321 1510 1325 1240 1324 1310 1325
1321 1321 1325 1325 1321 1321 1321 1321 1321 1321 1321 1350 1321 1321 1321 1321 1321 1325
1321 1326 1260 1350 4300 1321 1600 1321 1321 1325 1321 1323 1323 1322 1323 1323 1325 1321
1321 1321 1325 1220 1321 1325 1321 1321 1321 1321 1321 1321 1323 1321 1321 4100 1321 1321
1321 1321 1340 1325 1325 1321 1321 1321 1326 1321 1230 1325 1326 1326 1325 1321 1324 1321
1321 1321 1321 1360 1321 1321 1321 1321 1220 1321 1321 1321 1321 1350 1110 1321 1326 1250
1321 1310 1321 1321 1321 1321 1321 1321 1325 1321 1325 1321 1321 1330 1321 1321 1326 1321
1321 5500 1321 1321 1321 1600 1321 1360 1321 1321 1321 1325 1323 1321 1400 1323 5200 1321
1321 4200 1321 1321 1321 6400 1321 1321 1321 1321 1321 1326 1310 1321 1321 1321 1321 1322
1321 1321 1321 1321 1321 1321 1321 1325 1321 1321 1321 1325 1321 1321 1360 4400 1321 1321
1321 1321 1321 2600 1321 1321 1321 1321 1325 1325 1326 1400 1310 1321 1321 1321 1324 1321
1321 1321 4200 5500 1321 1560 1321 1321 5200 1321 1321 1321 1321 1140 1321 1321 1321 1321
1321 1321 1321 1321 1321 1321 1321 1321 1321 1325 1321 1321 1360 1321 1321 1321 1325 1321
1321 1321 1321 1321 1326 1540 5500 1325 1400 1321 1321 1321 4400 1321 1321 1321 1321 1322
1321 1325 1321 1321 1321 1600 1321 1325 1321 1321 1230 1324 1400 1160 1326 1321 1324 1340
1321 1325 1321 1600 1326 1350 6400 5300 1325 1130 1321 1325 1321 1310 1321 1323 1321 1325
1321 1321 1321 1321 1321 1321 1325 1321 1321 1321 1321 1321 1321 1360 1321 1310 1325 4200
1321 1321 1321 1321 1321 1321 1321 1321 1325 1325 1321 1321 2600 1321 1321 1321 1325 1360
1321 1321 1220 1326 1321 1321 1321 1321 1321 1321 1321 1323 1324 1325 2100 1321 1321 1321
1321 1520 1321 1240 1324 1321 1321 1326 1321 1321 1321 1321 1321 1323 1321 1321 1350 1220
1321 1321 1321 1323 1326 1324 1321 1321 1321 1321 1321 1321 1321 1321 1321 1326 1325 1321
1321 1321 1321 1321 1321 1321 1321 1321 1325 1250 1510 1326 1321 1321 1321 1321 1321 1323
1321 1321 1321 1310 1520 1325 1325 1321 1350 1326 1321 1321 1330 1321 1360 1321 1321 1321
1321 1321 1400 1321 1321 1321 4200 1321 1321 1321 1323 1321 1321 1322 1326 1321 1321 1325
1321 1321 1321 1321 1321 1321 1321 1321 1321 1321 1325 1321 1325 1323 1321 1321 1321 1321
1321 1321 1325 1325 1321 1326 2600 1321 1325 1321 1321 1360 1323 4100 1350 1350 1350 1321
1321 1310 1323 1321 1321 1321 1321 5500 1325 1323 1325 5200 1325 5200 1321 1321 1321 1321
1321 1324 1321 1321 1321 1321 1321 1325 1321 1321 1326 1325 1321 1321 1323 1321 1321 1560
1321 1321 1323 4200 1321 1321 1321 1325 1321 1321 1321 1321 1321 1321 1321 1560 1321 1560
1321 1326 1321 1321 1230 1321 1321 1321 1321 1321 1321 1321 1324 1326 4400 1321 1321 1600
1321 1321 1321 1325 1325 1324 1321 1321 1325 1321 3200 2600 1321 1321 1321 1350 1600 1321
1321 1321 1321 1321 1321 4300 1325 1321 1323 1321 1321 1323 1210 1321 1310 1321 1321 1321
1321 2500 1321 1324 1240 1325 1323 1321 1321 1321 1323 1321 1321 1325 1323 1240 6400 1321
1321 1321 1321 1325 1321 1321 1310 1321 1321 1321 1230 1250 1325 1323 1321 1321 1230 1220
1321 1321 1325 1321 1600 1321 1325 1360 1321 1324 1324 1321 1321 1326 1321 1321 1220 1325
1321 1600 1321 1321 1321 1325 1350 3100 1326 1323 1230 1260 1360 1326 1321 2500 1350 1160
1321 1326 1325 1600 1322 1321 1321 1321 1321 1325 1321 1321 1326 1321 1321 1321 1325 1321
1321 1321 1325 1325 1321 1321 1321 1310 1323 1321 1600 1321 1321 1321 1321 1323 1325 1400
1321 1350 1326 1110 1360 1321 1325 1321 1321 1321 1325 1321 1321 1321 1321 1230 1321 1325
1321 1326 1350 1325 1360 1321 1325 4300 1321 1321 1321 1330 1321 1325 1325 1510 1323 1326
1321 1321 1321 1321 1324 1220 1330 1321 1321 1560 1321 1326 1325 1321 1110 1323 1326 1321
1321 1323 1325 1321 1321 1321 1321 1560 1330 1325 1322 1321 1326 1325 1321 1321 1321 1520
1321 1321 1310 1321 1321 1325 1230 1325 1326 1325 1326 1360 1321 1360 1321 1321 1324 2500
1321 1321 1321 1325 1325 1230 1321 1325 1240 1321 1321 1321 1321 1321 1321 1321 1323 1150
1321 1321 1321 1326 1321 1321 1321 1321 1321 1321 1325 1321 1600 1321 1321 1321 1321 1326
1321 1321 1321 1321 1321 1321 1321 1321 1323 1321 1325 1323 1321 1321 1325 1321 1321 1321
1321 1325 1321 1321 1321 1321 1321 5400 5200 1321 1321 1321 1321 1321 1325 1321 1321 1321
1321 1321 1321 1321 1321 1220 1321 1321 1321 1321 1321 1321 1321 1321 1230 1321 1350 1321
1321 1321 1325 1321 1321 1321 1321 1321 1321 1321 1360 1321 1321 1321 1150 1325 1321 4780
1321 1321 1321 1321 1321 1325 1325 1325 1321 1321 1324 1321 1321 1325 1321 1321 1321 1325
1340 1321 1326 1321 1321 1323 2600 1321 1321 1321 3100 1321 1321 1321 1321 1230 1250 1321
1321 1321 1321 1321 1325 1325 1325 1321 1321 1220 1321 1330 1326 1321 1321 1321 1321 1321
1321 1325 1560 1321 1321 1325 1360 1260 1310 6100 1321 1321 1321 1321 1321 1321 1600 1321
1321 1324 1325 1323 6200 1321 1321 1321 1360 1325 1323 1350 1360 1325 5500 1325 2200 1400
1321 1321 1250 1530 1321 1326 1321 1321 1321 1325 1321 1321 1600 1321 1321 1321 1321 1321
1321 6400 1321 1321 1321 1321 1321 1321 1321 1321 1321 1325 1321 1321 1321 1400 1321 1321
1323 1325 1321 1321 1321 1321 1321 1321 2500 1326 1321 1321 1321 1321 1321 1321 1321 1321
1321 1321 1323 1325 1321 1350 1330 1325 1321 1324 1321 1324 1310 1321 1321 1600 1325 1325
2600 1325 1321 1325 1600 1321 1325 1321 1321 1321 1321 1321 1323 1325 1321 1321 1321 1321
1321 2600 1321 1321 1321 1321 1325 1321 1321 1325 1530 1321 1600 1321 1323 1326 1326 1321
1321 3100 1250 1326 1323 1323 1321 1324 1360 1321 1325 1310 1321 1321 1321 1323 1321 1321
1540 1250 1321 1321 1321 1321 1321 1321 1324 1326 1321 1321 1325 1325 1325 1322 1321 4400
1321 1321 1321 1321 1321 1321 1326 1240 1325 1325 1321 1326 1140 1325 1321 1321 1321 1321
1510 1326 1321 1321 1321 1321 1321 1321 1321 1321 1600 1321 1321 1321 1325 1600 1321 1324
1325 4300 1321 1321 1321 1321 1560 1321 1325 1321 1326 1323 1321 1323 1325 1323 6200 1321
1321 1321 1250 1330 1326 1325 1321 1321 1321 1321 1600 1323 1230 1321 1321 1510 1321 1321
1321 1321 1321 1321 1321 1321 1325 6300 1321 1321 1400 1323 1321 1326 1340 1325 1321 1321
1321 1321 1325 1323 1350 1321 1321 1321 1321 1321 1325 1321 1321 1321 1140 1325 1323 1321
1321 1321 1321 1325 1323 1324 1321 1321 1600 1321 1600 1321 1321 3100 1321 1321 1400 1321
1321 1321 1321 1321 1240 1321 6400 1321 1350 1325 1321 1321 2200 1321 1321 1326 1325 1321
1321 1321 1321 1321 1321 1321 1321 1321 1324 1321 1321 1321 1321 1321 6400 1325 1326 1321
1321 1321 1325 1321 1321 1325 1325 1325 1360 1260 5480 1325 1321 1321 2100 1321 1321 1322
1321 1321 1321 1326 6400 1321 3300 1321 1540 1326 1321 1322 1230 1321 1321 1321 1321 3100
1321 1321 1321 1325 1321 1321 1321 1321 1600 1600 1321 1324 5200 1321 1326 1360 1321 1323
1321 1321 1321 1321 1360 1321 1360 2600 6400 1321 4200 1325 1310 1321 1321 1340 1325 1321
1321 1321 1321 1321 1321 1325 1350 1325 1321 1325 1321 1321 1321 1321 1325 5500 1321 1321
1321 1321 1321 1321 1321 1321 1321 1321 1321 1325 1321 6200 1321 1321 1321 2600 1322 1326
1321 1310 1321 1321 1321 1321 1321 1321 1323 1321 1321 3400 1350 1350 1110 1321 1324 1321
1321 1321 1321 1321 1110 1325 1321 1310 1321 1321 1321 1321 1321 1321 1321 1321 1321 1400
1321 1220 1321 1321 1321 1321 1326 1321 1321 1310 1325 1321 1321 1325 1325 4300 1321 1321
1321 1321 2100 1321 5500 1321 1321 1321 1360 1330 1323 1321 1310 1321 1325 1310 1325 1321
1321 1321 1321 1326 1325 1325 1324 1321 1325 1321 1321 1325 1321 1321 1321 3100 1325 1321
1326 1110 1321 1325 1325 6400 1321 1321 1321 1325 1330 1321 1321 1325 1321 1325 1326 2600
1321 1321 1321 1321 1400 1325 1110 1350 1325 1321 1326 1321 1324 1321 1321 1326 3400 1321
1321 1321 2200 1321 1321 1321 1325 1310 1321 1321 2600 1321 1325 1325 1321 1321 1321 1321
1326 1322 1321 1321 1321 1321 4400 1326 1325 1321 1321 1321 1321 1326 1326 1321 1321 1323
1321 1325 1321 1325 1321 1321 1321 1321 1325 1321 1321 1324 1323 1325 1325 1321 1321 1326
1321 1321 1321 1310 1321 1321 1321 1326 1325 1230 1321 1325 1321 1321 5400 1350 1310 1321
1321 1321 1321 4400 1325 1325 1321 1321 1326 1326 1321 1321 1321 1360 1360 1321 1321 1321
1321 1325 1326 1325 1321 1321 1321 1321 1325 1321 1325 1325 1530 1321 1330 1323 1321 1321
1321 1325 1600 1360 1325 1325 1325 1323 1230 1321 1110 1110 1325 1321 1323 2500 1321 1321
1321 1330 1321 1321 1321 1321 1321 1230 1321 4200 1325 1321 1321 1130 1321 1321 1250 1321
1321 1140 1322 6400 1321 1321 1140 2500 1360 1321 1323 1321 3100 1321 1321 1321 1321 1310
1321 1325 1321 1324 1360 1321 1321 1321 1321 1321 1520 5300 1321 4069 1600 1321 1321 1110
1321 1321 1324 6200 1321 1321 1325 1325 4200 1321 1321 1321 1321 1321 1321 1321 1321 1321
1321 1321 1325 1350 6400 5300 1110 1321 1326 1230 1325 1325 1321 1321 1321 1321 1321 1160
1321 1321 1321 1325 1330 6300 1160 1330 3100 1321 2100 1321 1321 1323 1323 1321 1321 1321
1321 1321 1321 1321 1323 1321 1321 1321 1321 1321 1321 4400 1321 5200 1321 1325 1323 1510
1321 1321 1321 1325 1323 1360 6400 1323 1321 1321 1321 1321 1321 1321 1321 1220 1325 1321
1321 1321 1325 1321 1321 1321 1321 1321 1321 1321 1321 1560 6400 1325 1325 1321 1230 1325
2200 1140 4200 1326 1321 1321 1321 1510 1325 1321 1321 1321 1321 1321 1321 1321 1325 1321
1321 2600 1321 1230 1325 1322 1323 1321 1321 1330 1520 1323 1323 1325 1325 1321 1321 1321
1321 1400 1600 1321 1321 1326 1321 1321 1321 1321 1321 1321 1321 1120 1326 1325 2400 1321
1325 1325 1321 2500 5300 6400 1321 1326 1220 1325 6400 1321 1321 1325 1321 1321 1326 1321
1321 1321 1321 1321 1321 1321 1321 1350 1520 1324 1323 1321 1321 1326 1140 1325 1321 1321
1321 1321 6200 1321 1323 1321 1360 1321 1321 1321 1330 1321 1321 1321 1321 1321 2100 1321
1321 1321 1321 1321 1321 1321 1321 1321 1321 1321 1325 1321 6400 1321 1325 1321 1321 1325
1321 1230 1326 1324 1321 1330 1325 6400 1321 1321 1321 1326 1325 1321 1321 4200 1321 1540
1321 1321 1325 1325 1325 1321 1230 1240 1350 1321 1321 4200 1323 1110 1321 1321 1321 1322
1321 1321 1321 1321 1321 1326 1321 5200 1230 1350 1323 1360 1325 1321 1322 1321 1321 1321
1321 1321 2600 1321 2500 6400 1321 4200 1110 1323 1325 1321 1321 1321 1325 1321 1321 1325
1321 1321 1325 1325 1325 1350 1326 1321 1250 1321 1321 1321 1325 1321 1321 1321 1321 1321
1321 1325 1321 1323 1321 1321 1321 1324 1321 1321 1321 1323 1321 1321 1325 1321 1321 1321
1321 1321 1321 1321 1326 1520 1230 1321 1321 1321 1540 1325 1321 1321 1321 1321 1321 1321
1600 1321 1321 1321 1321 1321 1325 1310 1321 1323 1321 1310 1323 1321 1321 4200 1324 1321
1321 1323 1340 1321 1321 1321 1325 1560 1323 1321 1323 1110 1326 2600 1321 1600 1323 1324
1321 1321 1321 1321 1326 1360 1321 1325 1510 1321 1321 1360 1321 1321 1321 1323 1321 1321
1321 1326 1321 1360 1321 1325 1321 1321 1325 1321 1240 1321 4200 1323 1325 1326 1240 1324
1321 5200 1321 1325 1323 1321 5200 1350 1321 1321 1321 1321 1325 1321 1326 1540 1321 2500
1321 1321 1321 1321 1321 1321 1321 1321 1321 1321 1321 1321 1600 1321 1321 1321 1321 1600
5300 1600 1321 1324 1360 1321 1321 1321 1110 1321 1325 1321 1321 4200 1321 1321 1321 1321
1321 1321 1321 1321 1325 1321 1310 1321 1326 2500 1321 1150 1321 1324 5972 1330 1321 5500
1321 1321 1600 1321 1321 1321 1321 1321 4200 1321 1321 1321 1323 1321 1323 1321 1321 2300
1321 1321 1321 1321 1325 1325 1321 1325 1323 1321 1321 1325 1321 1350 1323 4200 1321 1321
1321 1321 1321 1321 1321 1323 1321 1321 1321 1321 1321 1321 1321 1325 1321 1321 1325 1321
1321 1321 1321 1324 1360 1321 1321 1325 1350 1360 1321 1324 1321 1560 4200 1350 5300 1325
1321 1600 1321 4200 1321 1360 1325 1250 1326 1325 1220 1321 1323 1321 1360 1400 1321 1321
1321 1321 1321 1321 1321 1325 1321 1321 1330 1321 6400 1321 1321 1321 1325 1321 1321 1321
1321 1325 1325 1321 1321 1321 1325 1321 1321 1326 1321 1325 1321 1325 1230 1130 1321 1230
1321 1330 1321 1321 1325 1360 1360 1520 1324 1321 1220 1321 1321 1321 5500 1325 1321 4200
1321 1350 1323 1600 1321 1321 1220 1325 1323 1325 1326 1321 1321 1321 1550 5500 1321 1321
1321 1321 1325 1321 1321 1323 1321 1323 1321 1321 1321 1325 1321 1325 1600 1321 1321 1325
1321 1321 1323 1321 1325 1325 1321 1321 2300 1321 1325 1321 1325 1321 1321 1321 1321 5300
1321 1360 4200 1321 1321 1321 1321 1325 1321 4200 1321 1325 1150 1321 1321 1321 1321 1360
1321 1321 1350 1560 1321 1325 1324 1325 1321 1510 1325 1350 1360 1321 1600 1321 1321 1321
1321 1325 1321 1326 1321 1321 1510 1321 1321 1321 1321 1321 1321 1321 1321 1321 1321 1325
1321 1323 1321 1321 1323 1321 1323 1340 2100 1321 2200 1321 2500 1325 1325 1321 4200 1323
1321 1321 1325 1325 1321 1321 5500 1600 1321 1321 1321 1321 1321 1321 1321 1321 1321 1326
1321 1321 1321 1330 1321 1321 1325 1324 1310 1321 1321 1321 1326 1321 1321 1321 1321 1321
1321 1230 1350 1330 1325 1325 1240 1323 1321 1326 1323 5600 5500 1323 1510 1325 1325 1321
1321 1310 1250 1530 1325 2400 1321 1326 1321 1340 1321 1321 1321 1321 1321 1321 1220 5300
1321 1321 1321 1325 1321 2100 1321 1560 1325 1321 1321 1325 6200 1321 1321 1400 1600 1321
1321 1321 1324 1321 1321 1360 1325 4300 1321 1321 1323 1321 1220 6200 1321 1326 4300 1321
1321 1321 1325 1325 1325 1321 1325 1321 1150 1321 1321 1323 1325 1326 1360 1323 4200 1325
1321 1321 1321 1321 1321 1321 1321 1321 1321 1325 1321 1321 3100 1321 1560 1321 1321 1321
1321 1321 1321 1210 1325 1321 1325 1321 5600 1323 1321 1325 1520 1321 1321 1321 1321 1321
1321 1321 1321 1321 1325 1322 1321 1321 1400 1321 1326 1321 1330 1321 1321 1350 1360 6200
1321 1325 1321 1321 1321 1321 1330 1321 1321 1321 1321 1600 1322 1321 1321 1321 1325 1326
1321 1321 1321 1321 1321 1321 1325 1321 1321 1321 1321 1321 1321 1321 1321 5200 1321 1321
1321 1326 1323 1360 1321 1550 1321 1321 1321 1321 1560 1321 1321 1323 1321 1321 1321 1321
1321 1321 1230 1321 1326 1321 1324 1321 1325 1325 1325 1321 1325 1321 1321 1600 1321 1350
1321 1321 1321 1321 1325 1321 1323 1321 1321 1321 1321 1321 1321 1321 1321 1321 1321 1350
1321 1321 1321 1321 1330 1330 1321 5500 1360 4200 1321 1321 1325 1321 1325 1321 1321 1325
1321 1321 1321 1321 2100 1321 1600 1321 1321 1321 1321 1310 1321 1321 1321 1321 1321 1321
1321 5300 1321 1321 1321 1321 1321 1321 1321 1325 1160 1321 1321 1321 1326 1321 1321 1321
1321 1321 1321 1310 6100 1321 1321 1321 1321 1321 4200 1310 1326 1325 1325 1110 1250 1321
1321 1321 1321 1325 1220 1321 1321 1325 5500 1321 1326 1321 1600 1150 1600 1321 1360 1360
1321 1321 1321 4200 1310 1230 1326 1250 1325 1321 1321 1130 1520 1325 1323 1321 1321 1321
1321 1321 1321 1321 1325 1321 3300 1321 1321 1321 1321 1321 1230 1321 1321 1150 1110 1321
1321 4100 1323 1321 1321 1321 1323 1326 1250 1325 1321 1324 1324 1321 1360 1321 1321 1321
1321 1325 1325 1325 1240 1321 1600 4200 1321 1321 1321 1321 1321 1321 1326 1360 1321 1321
1321 1321 1325 1321 1350 1321 5300 5300 1321 1321 1321 1321 1321 1321 1321 1230 1323 1325
1321 1326 1321 1324 1325 1321 1321 1321 1321 1321 1321 1321 1321 1321 1321 1321 1400 1321
1321 1325 1325 1325 1323 1321 1600 1321 1321 1321 1326 1321 1325 2200 1321 1350 1360 1323
1321 1321 1321 1560 1321 1321 1325 1321 1321 1321 1325 1321 1325 1230 2200 1321 1321 1325
4400 1321 1321 1321 1321 1360 1326 1321 1321 1321 1321 2600 1321 1321 1321 3100 1321 1321
1321 1321 1321 2200 1321 1321 1360 1321 1321 1220 1321 1321 1321 1321 1321 1325 1340 5300
1321 1321 1321 1321 1321 1321 1530 1321 1321 1321 1323 3400 1250 1321 1321 1321 1321 1321
1321 1325 1321 1321 1321 1321 1324 1321 1321 1321 1321 1321 1321 1360 1240 1325 1250 1321
1321 1325 1326 1325 1326 1324 1220 1325 1325 1250 1321 1323 1325 1321 1321 1325 1321 1321
1321 1321 1321 1321 1321 1321 1321 1321 1321 1321 1326 1321 5300 1321 1321 1321 1325 1324
1321 1321 1321 1321 1321 1321 1321 1321 4200 1323 1322 1321 1321 1321 1321 1321 1321 5300
1321 1321 1321 1360 1321 1321 1321 1323 1600 1560 1321 1321 1326 1325 1325 1321 1325 1360
1321 1321 1321 1600 1340 1230 1322 1230 1321 1325 1360 1325 1360 1321 1325 1600 1326 1321
1321 1325 1323 1321 1321 1321 1321 1321 1240 1323 1323 1321 1325 1326 1323 1323 1360 1323
1321 1321 1321 1321 1326 1324 1323 1325 1330 2500 1321 1321 1325 1321 1326 1325 1323 5300
1321 1321 1321 1321 1321 1324 1323 1323 1360 1360 1323 1321 1321 1321 1321 1321 1321 1321
1220 1324 1321 1325 1321 1321 1321 1325 1600 1360 1321 1321 1310 1326 1321 1600 1321 1321
1321 1321 1321 1321 1325 1321 1321 1323 1323 1400 1326 1321 1321 1140 1323 1321 1322 4200
1321 5300 1326 1321 1110 5200 2600 1325 1323 1321 1321 1350 1325 1110 1350 1325 1323 2300
1321 1321 1325 1321 1325 1321 1321 1325 1321 1325 1310 1321 1520 1325 1321 1321 1321 1321
1321 1321 1321 1321 1540 1325 1321 1220 1321 1321 1321 5200 1321 1325 1600 1321 4200 1321
1321 1321 1321 1321 1520 1325 1560 1321 1560 1510 1321 1321 1324 1250 1325 1340 1323 2300
1321 1321 1321 1321 6400 1326 1321 1325 1321 5100 1600 1321 1321 1321 1321 1321 1321 1321
1321 1400 1321 1321 1321 1326 1321 1321 1310 1321 1321 1360 1321 1323 3400 1321 1321 1321
1321 1321 5100 1321 1321 1321 1350 1321 1321 1321 1321 1321 1325 1321 1321 1321 1600 1321
1321 1321 1321 4200 1110 1325 1323 1321 1321 1321 1321 1325 1310 1321 1321 1360 1326 1321
1325 1326 5200 1325 1250 1322 1321 1321 1600 1321 1325 1321 1360 1321 1325 1220 1321 1520
1321 1325 1120 1340 1400 2600 1323 1600 1321 1321 1326 1321 1325 1321 1321 1321 1321 1321
1321 2100 1321 1321 1321 1600 1321 1325 1321 1325 1400 6400 1324 1321 1321 1321 1321 1321
1321 3300 4200 1321 1326 1360 1360 1326 6400 1220 1321 1350 1326 1324 1310 1325 1323 1560
1321 1310 1325 1321 2600 1321 4400 1321 2600 1310 1321 1321 1321 1321 1321 1321 1325 1360
1325 1510 1321 1325 1321 1321 1323 1323 2500 1323 1240 1321 1321 1321 1321 1321 1321 1321
1321 6400 1321 1323 1321 1325 1326 4400 1321 1321 1325 1321 1321 1321 2500 1321 1321 1321
1321 1325 1321 1321 1350 1321 1325 1321 1321 1321 1321 1321 1325 1321 1321 1321 1323 1321
1321 5500 1322 1323 1323 1321 6400 1326 1240 1400 1350 1323 1326 1325 1325 1321 1321 1321
1321 1400 1321 1321 1321 1321 1321 1321 1321 1321 1321 1321 1325 1323 1321 1321 4200 1321
1321 1321 1321 1321 1600 1321 1321 1321 1321 1323 1323 1325 1326 4200 1323 1325 1321 1321
1321 2600 1323 1325 1321 1321 1321 1321 1321 1321 4200 1321 1321 1321 1323 1323 1310 1326
1321 1321 1321 1321 1321 1321 1321 1321 1321 1321 1323 1325 2500 1321 1321 1321 1321 1325
1321 1326 1600 1321 5100 1323 1325 5100 5500 1230 1321 1321 5400 2200 1321 3100 1324 1324
1321 1321 1330 1321 1321 1321 1321 1321 1321 1321 1230 1321 1321 1321 1321 1321 1520 5200
1321 1321 1325 1325 1321 1325 1350 1250 5200 1321 1321 5500 1321 1400 1321 5300 1310 1360
1321 1321 1326 1110 1321 1321 1321 1321 1321 1321 1321 1321 1321 1321 1321 1321 1321 1321
1321 1325 1321 1360 1310 1321 1360 1326 1321 1321 1510 1321 1325 1321 1321 1600 1321 1326
1321 1321 1321 1321 1340 3300 1321 1321 1321 1321 2500 1323 1321 2400 1321 2600 1330 1325
1321 1321 1321 1321 1321 1321 1321 1325 1325 1325 1321 1310 1321 6200 1321 1321 1326 1321
1321 1321 1321 1321 1321 1321 1326 1220 1510 1321 1326 1324 1130 4200 1321 1321 1325 1321
1321 1323 1321 1325 1530 1321 1321 1321 1321 1110 1323 1321 1321 1321 1321 1321 1321 1321
1321 1325 1321 1325 1321 1321 1321 1321 1220 1325 1321 1321 1321 1321 4200 1230 1321 1321
1321 1325 5200 1321 1321 1350 1323 1321 1250 1360 1321 1321 1321 1325 1323 1326 1321 1321
1321 5300 1324 1350 1321 1321 1321 1600 1321 6400 1360 1321 1321 1321 1325 4200 1323 1325
1321 1321 1321 1321 1321 1323 1321 1321 1321 1321 1321 1321 1321 1325 1321 1325 1321 1321
1230 1360 4300 1321 1325 1321 1326 1321 1325 1321 1321 1325 1321 1560 1321 1325 2200 1321
1321 1321 1321 1323 5300 1323 1321 1321 1321 1360 1325 1321 1323 1325 1321 1321 1323 1321
1321 1321 1321 1321 1321 1150 1321 1321 1325 1321 1321 1321 1321 1321 1324 1321 1325 1321
1321 4200 1323 1321 1321 1321 1321 1321 1321 1330 1325 1321 1321 1321 1326 1321 1321 1321
1321 1321 1321 1321 1321 1321 1321 1321 1600 5100 1323 1321 1321 1321 1321 1325 1325 1400
1321 1321 1321 1325 1321 5300 1321 1520 1322 1326 1510 1323 1324 1321 1325 1321 1325 1326
1321 1321 1321 1323 1220 1324 1330 1321 1321 1321 1321 1321 1325 1310 1325 1325 1325 1240
1321 1321 1321 4100 1321 1322 1330 1321 1321 1321 1321 1360 2500 1321 1321 1326 1323 1325
1321 1321 1321 1321 1321 1321 1323 1321 1321 1321 1600 1325 4100 1321 1321 1321 1321 1321
1321 1321 1321 1330 1321 1321 1321 1325 1400 2300 1321 1321 4100 1321 1321 1321 1321 1321
1321 1321 1321 1321 1321 1321 1321 1321 1230 1326 1321 1321 1321 1326 1321 1321 1510 1250
1321 2600 1321 1321 5600 1321 1321 1325 1321 1600 1321 1321 1321 1321 1321 2600 1210 1321
1321 1230 1110 1360 1360 1323 2400 1321 1321 1321 1321 1321 1321 1326 1321 1360 1321 1321
1321 1321 2600 1321 1321 1321 1321 1321 1321 1321 1260 1325 1321 6400 1325 1323 1400 1250
1321 1325 1325 1325 1323 1340 1321 1321 1321 1321 1324 1321 1321 1321 1360 1325 1321 1321
1321 1325 1321 1321 1321 1321 1110 1240 1321 1321 1321 1230 1540 1323 1321 1321 1325 1325
1321 1321 1321 1321 1321 1321 1325 1325 1321 1400 1120 1540 1321 1321 1510 1325 1321 1321
1321 1321 1321 6200 1321 1321 4200 1510 1321 1321 1321 1321 1321 1220 1321 1321 1330 1321
1321 1321 1321 1321 1350 1321 1323 1230 1325 1321 1323 1350 1160 1350 1323 1323 1326 1110
1321 1321 1360 6100 1325 1325 1321 1321 1321 1321 1321 1321 1321 1321 1321 1325 1321 4400
1321 1600 1321 1321 1321 1321 1321 1321 1325 6400 1321 1325 1321 1321 1321 5500 1321 1321
1321 1326 1321 1510 1510 1323 2500 1360 1540 1310 1321 1321 1321 1321 1321 1326 1325 1321
1321 1321 1324 1325 1321 1324 1321 1560 1323 1326 1325 5300 1326 1325 1321 1321 1321 1321
1321 1325 1321 5100 1321 2500 1323 1321 1323 1321 1321 1321 1360 1323 1150 1321 1240 1323
1321 1321 1321 1321 1321 1321 1321 1321 1321 1321 1321 1321 1321 1325 1323 1321 1360 1321
1321 1321 1321 1321 1325 1321 1321 1321 1321 1323 1321 1321 1321 1324 1260 1325 1230 1325
2600 1321 1321 1321 1321 1321 1321 1321 1321 1321 1321 1321 5500 1325 1321 1321 1321 1323
1321 1321 1326 1321 1321 1321 1321 1321 1325 1325 1330 1321 1321 1321 1321 1321 1321 1321
1321 1326 2600 1321 1321 1321 1321 1321 1321 1321 1321 1321 1325 1323 1324 1110 1321 3300
1321 1321 1321 1321 1325 5600 1323 1321 1321 1324 1321 1321 1321 1321 1325 1321 5265 1110
1321 6200 1321 1360 1325 1360 1321 1350 1325 1325 1321 1400 1321 1325 1325 1600 1310 1240
1321 1360 1350 1324 1321 2200 1360 1520 1323 1321 1321 1326 1321 1321 1321 1321 1240 1321
1321 1321 2200 1321 1321 1321 1321 1321 1340 1321 1321 1321 1321 1360 1321 1321 1321 1321
1321 1321 1321 1321 6400 1321 1321 1321 4200 1340 1325 1110 1321 1330 1321 1321 1321 1321
1321 1321 6400 1321 1321 1321 1510 1360 1360 1321 1321 1321 1600 1326 1321 1240 1321 1400
1321 3100 1325 1321 1325 1321 1321 1321 1326 1321 5300 1600 1325 1325 1520 1321 1321 1321
1321 6400 1220 1321 1321 1321 1321 1325 1322 1321 1321 1325 1360 1321 1325 1540 4100 1325
1321 1321 1321 1600 1250 6200 1321 1321 1330 1400 1321 1321 1321 2500 1323 1321 1321 1321
1321 1326 1321 1321 1600 1321 1321 1560 1321 1321 1322 1321 1323 1325 1321 1321 1321 1230
1321 1321 1321 1326 1325 1321 1321 1321 1321 1321 1321 1325 1323 1325 1325 1321 1321 1321
1321 1321 1321 1321 1321 1321 1321 1325 1326 1321 1321 1321 1321 1326 1360 1360 1325 1325
1321 1321 1325 1323 1325 1325 1324 1321 1321 1321 1321 1321 1321 1321 1321 4200 5200 1326
1321 1321 1321 1321 1321 1321 1321 1321 1321 1321 3100 1321 1326 1321 1323 1321 1560 1330
1321 1321 1324 1325 1325 1321 1220 1321 1321 1321 1600 1321 1350 1324 1325 2500 1321 1321
1321 1321 1321 1321 1321 1321 1321 1360 1323 1321 1310 1260 1321 1321 1325 1321 1321 1321
1321 1321 1321 1325 1325 1350 1250 1321 1340 1321 1550 1321 1321 1323 1326 1326 1321 1321
1321 1360 1321 1321 1321 1321 1325 1321 1321 1321 1323 1321 1360 1321 1321 1321 1321 1323
1321 1321 1321 1325 1321 1321 1321 1325 1325 1321 1321 1321 1321 1321 1325 1321 1310 1321
1321 1321 1321 1325 1321 1330 1325 1323 1321 1600 1325 1321 1321 1321 1360 1321 1325 1326
1323 1321 1321 1321 1321 1321 1310 4400 1321 1326 1330 1321 5600 5200 5100 1325 1325 1321
1321 1325 1321 1321 1326 1321 1321 1325 1325 1321 1325 1321 1321 1250 1321 1325 1360 1325
1325 1321 1321 1325 1321 1324 1321 1330 1325 1321 1321 1321 1321 1321 1321 1321 1321 1321
1321 1321 1321 1321 1325 1321 1321 1321 1510 1321 1360 1321 1340 1321 1321 1360 1350 1325
1321 1321 1321 1321 1321 1110 1321 1321 1321 1326 1321 1321 1321 1325 1321 1325 1360 1130
1321 5300 1321 1325 1321 1326 1321 1321 1326 1350 2500 1260 1360 1321 1321 1321 1321 1321
1321 1321 1326 1321 1321 1321 1321 1321 1321 1321 5500 1325 1230 5200 1321 1140 1321 1321
1321 1321 1220 1322 1600 1321 1321 6400 1321 1260 1326 1323 1325 1325 1325 1321 1400 1323
1321 1321 1550 1321 1321 1321 1321 1321 1321 1321 1325 1321 1325 1321 1325 1310 1325 1350
1321 1325 1321 1321 1325 1510 1324 1326 1326 1400 1540 1321 1510 1321 6400 1520 5300 1321
1321 1321 1330 2600 1140 1323 1325 1321 4200 1325 1321 1321 1321 1321 1321 1321 1321 1321
1321 1310 1360 4100 1321 1550 1321 1321 1321 1321 1321 1321 1321 1325 1321 1400 1321 1400
1321 1326 1321 1120 6326 1321 1321 2100 1321 1321 1324 1321 1360 1326 1350 1323 1321 1326
1321 1340 1321 1321 1321 1250 1321 1110 1350 1321 1325 1325 1321 1323 1330 1325 1321 1326
1321 1260 1360 1325 1323 1321 1325 1321 1321 1321 1325 5300 1321 1321 1321 3300 1310 1321
1321 1330 1321 1321 1321 1321 1321 1325 1321 1321 1325 1321 1321 1321 3100 2200 1325 1321
1321 1322 1321 1321 1321 1321 1325 1360 1321 1321 5300 1323 1326 1321 1325 1321 1321 1321
1321 1321 1321 1321 1321 1321 1321 1321 1340 1321 1321 1323 1325 1326 1321 1350 1240 4200
1321 1230 1321 1321 1321 1325 1325 1321 1321 1325 2200 1240 1321 1321 1321 1325 1321 1220
1321 1321 1321 1321 1230 1325 1321 1325 1325 1321 1325 1326 1360 1321 1325 1321 1321 1321
1321 1321 1350 1321 1321 1321 1330 1321 1321 1321 1600 4200 1321 1360 1321 1321 1323 1321
1321 1321 1325 1321 1321 1321 1321 1321 1321 2200 1321 1325 1130 1323 4300 1325 1321 1325
1321 1325 1321 1325 1321 1321 1321 1150 1325 1326 1326 1325 1321 1321 1321 1321 1321 1321
1321 1321 1321 1600 1321 1321 1325 2300 1321 1325 1321 1325 1321 1321 1325 1325 1321 1321
1321 1321 1321 1321 1321 1321 1321 1321 1325 1325 1321 1321 1325 1321 1321 1321 1321 1321
1321 1323 3100 1322 1560 1325 1321 1321 1321 1321 1321 1325 1360 1310 1360 1110 6400 1321
1321 1321 1325 1321 1321 1326 1321 1321 1321 1321 1321 1321 1321 1321 1360 1321 4200 1321
1321 1321 1321 1321 1360 1326 1321 1321 1325 1340 5300 1321 1321 1321 1321 1321 1321 1321
1321 1321 1321 1326 1321 1321 1321 1325 1321 1321 1321 1325 1326 1325 1321 1321 1321 1321
1321 1321 1321 1321 1321 1321 1321 1321 1321 1321 1321 1321 1321 1325 1324 1321 1360 1323
1321 1321 1325 1110 1321 1321 1326 1321 1325 1360 1240 1321 1321 1321 1321 1323 1321 1321
1321 1321 5200 1400 1325 1321 1330 1323 1321 1321 1321 1321 1321 1321 1324 1321 1321 1321
1350 1360 2200 1321 1321 1321 1321 1321 1321 1321 1330 1321 1321 1321 1321 1321 1321 1321
1321 1321 1325 1325 1321 1321 1321 1321 1321 1325 1321 1321 1321 1326 1600 1325 1323 1321
1321 3100 1321 1360 1321 1321 1325 1325 1321 1321 1321 1324 1326 5200 1325 1330 1321 1323
1325 1321 1321 1325 2500 1260 1110 1325 1323 1321 1321 1600 1321 1321 1321 1321 1321 1321
1321 1600 1321 1325 1326 1325 1321 1321 1321 1321 1321 1321 1321 1600 1321 1321 1321 1321
1321 1321 1325 1321 1321 1321 1323 1323 1321 1325 1321 1322 1321 1325 1220 1323 1321 1325
1321 1350 1321 1321 1321 1321 1321 1321 1325 1325 1600 1325 1326 1321 1230 1326 1325 1321
1321 1250 1322 1321 1350 1321 1321 1325 1321 1321 1325 1321 1326 1326 1321 1321 1321 1321
1321 1321 1321 1360 1360 1321 1325 1321 1321 1326 1321 1321 1321 1321 1321 1325 1321 1321
1321 1325 1325 1323 5300 1321 1321 1325 1321 1321 1321 1220 1350 1321 1325 1321 1321 1321
1321 1321 1321 1321 1321 1326 1321 1325 1321 1321 1350 1324 1321 1321 1321 1321 1321 1321
1321 1325 1321 1321 1325 1321 1321 1321 1321 1321 1321 1325 1321 1321 1321 1321 1321 1321
1321 1321 1321 1220 1321 1321 1321 1321 1321 6400 1321 1321 1321 1321 1321 1321 1321 1325
1321 1325 1325 1321 1321 1321 1330 1321 1324 1321 1321 1321 1250 1321 1321 1321 1321 1325
1321 1325 1325 1325 1220 1321 1323 2600 2200 1326 1325 1321 1350 1321 1321 1325 1325 1321
1321 1321 1321 1321 1360 1321 1323 1250 1321 1326 1360 1323 1321 6400 1321 1325 1310 1321
1321 1321 1321 1560 1321 1321 1325 1321 2100 1321 1321 1321 1326 1330 1325 1323 1325 1326
1321 1325 1321 1321 2100 1321 1560 1321 1321 1321 1321 1323 1326 1321 1330 1321 1321 1321
1321 1240 1323 2500 1321 1325 1321 2600 1321 1325 1325 1321 1321 1325 1321 1323 1321 1321
1321 1220 1321 1321 1321 1321 1321 1325 1321 5500 1322 1321 1325 1321 1326 1560 1230 1321
1321 1321 1321 1321 1321 1321 1321 1321 1325 1325 1323 1323 1350 1140 1325 1325 2500 1325
1321 1321 1321 5300 1310 1325 1326 1321 1310 1321 1321 1321 1321 1321 1325 1321 1321 1321
1321 1321 1321 1325 1321 1325 1321 1321 1321 1540 1360 1325 1360 1360 1321 1321 6400 1323
1321 1321 1321 1310 1321 1322 1321 1321 1321 1321 1321 1325 1321 1321 1321 1321 1325 1325
1321 1321 1323 1321 1321 1321 1325 1326 1321 1325 1325 1321 1321 1321 1325 1321 1321 1321
1321 1321 1321 1321 1321 1321 1325 1321 1550 1321 1321 1321 1321 1321 1325 1360 1322 1325
1321 1321 1110 1350 1325 1360 1323 1321 1321 1321 6200 1321 1321 1360 1321 1326 1325 1321
1321 2500 1321 1323 1360 1321 1321 2200 1321 1321 1323 1110 1321 1325 1321 1350 1326 1130
1321 1560 1230 6200 1321 1510 1360 1321 1321 1321 1321 1321 1321 1321 1321 1321 1325 1326
1321 1321 1321 1321 1321 1325 1150 4200 1350 1321 1326 1240 1323 2500 1325 1321 1325 1321
1321 1325 1321 1321 1321 1321 1321 1321 1321 1321 1321 1321 4200 1360 1325 1330 1326 1325
1321 1321 1321 1321 1321 1321 1321 1350 1510 1322 1323 1326 1321 1360 1321 1326 1350 1110
1321 1322 1321 1321 1321 1324 1310 1321 1321 1321 1325 1325 1321 1110 1110 1110 1130 1600
1321 1321 1321 1321 1321 1321 1325 1360 1210 1321 1321 1322 1325 1321 1325 1325 1321 1321
1321 1321 1321 1321 4300 1321 1321 1321 1321 1321 1326 1323 1350 1110 1321 1321 1321 1321
1321 1321 1321 1321 1321 1321 1600 4200 1250 1321 1321 1130 1321 1360 1326 1321 1321 1321
1350 1325 1326 1360 1321 1323 1321 1321 1321 1321 1330 1321 1321 1321 1220 1325 1321 1323
1321 1510 1321 1321 5300 1321 1326 1321 1321 1321 1324 1260 1350 6400 1321 1321 1321 1321
1321 1325 1321 1321 1360 1326 1321 1321 1323 1321 1326 1323 1325 1360 1321 1321 1330 1321
1321 1326 1325 1321 1323 1321 1325 1321 1360 1321 1321 1321 1321 1600 1321 1325 1321 1321
1325 1321 1321 1321 1321 5500 1325 1326 1350 1321 1326 1321 1321 2100 1150 1400 1321 4200
1321 1321 1321 1321 1321 1321 1321 1321 1321 1325 1150 1321 1325 1326 1325 1321 1321 1600
1321 1321 1321 1321 1321 1560 1321 1220 1325 1325 1321 1600 1321 1323 1321 1326 1321 1321
1321 1321 1321 1321 1321 1321 1340 1330 1321 1321 1230 1326 1540 1360 1325 2500 1321 1326
1321 1325 1326 1326 1321 1520 1321 1321 6400 1321 1325 4200 1360 1321 1321 1321 1325 1321
1321 1321 1321 1321 1321 1326 1325 4300 1321 1321 1326 1230 1321 1321 1321 1325 1321 1321
1321 1321 1321 1340 1326 1323 1325 1321 1321 1321 1324 1324 1220 1321 1400 1330 1321 1321
1321 1321 1321 1340 1325 1321 1321 1323 1321 1323 1326 1322 1321 1321 1321 1321 1321 1321
1321 1321 1321 1321 1321 1600 4200 1325 1220 1325 1321 1321 1321 1321 1350 1321 1321 1321
1321 1321 1325 1321 3400 1360 1325 1321 1321 1321 1321 1324 1321 1321 1321 1321 1321 1321
1321 1321 1321 1321 1321 1321 1325 1326 1321 1325 1321 1321 1325 4100 1321 1321 1321 1325
1324 1321 1321 1321 1321 1321 1321 1340 1325 1321 1321 1550 1321 1600 1321 1321 1321 1321
1321 1330 1325 1323 1321 1600 1330 1321 1321 1321 1321 1321 1321 1321 1325 1321 1321 1321
1321 1321 1323 1322 1325 2600 1321 1321 1321 2400 1321 1140 1325 1330 1325 1360 1321 1321
1321 1321 1321 1321 1322 4200 1350 1310 1321 1325 1326 1321 1321 1321 1321 1310 1325 1350
1321 1322 1325 1325 1321 1325 1321 1321 1325 1321 1600 1321 1321 1360 1110 1321 1321 1330
1321 1321 1321 1321 1110 1325 1321 1321 1324 1321 1321 1321 1321 1240 1321 1321 1321 1321
1321 1321 1321 1321 1325 1325 1321 1321 1325 1360 1325 1326 1321 1321 1321 1321 1323 1321
1321 1324 1321 1325 1321 1321 1325 1326 1326 1321 1326 1321 1321 1321 1323 1310 1220 5200
2500 1321 1310 1560 1321 1230 1321 1321 1321 1321 1321 3100 1321 1321 5100 1323 1321 1321
1321 1321 1321 1321 1321 1321 1230 1321 1321 1321 1321 1326 1321 1321 1321 1325 1321 1321
1321 1321 1326 1321 1324 1321 1321 1325 1325 1321 1321 1321 1321 1321 1321 1321 1321 1350
1321 1321 1321 1326 6400 1360 1321 1321 1321 1325 1540 1325 1325 1325 1326 1321 1220 1321
1321 1325 1321 1321 1321 1321 1321 1321 1321 1321 1321 1321 1120 1324 1321 1321 1321 1322
1321 1321 1321 1310 1321 1323 1321 1321 1321 1321 1321 4200 1321 1321 1321 1325 1321 1321
1321 1321 1325 1360 1321 1321 1140 1321 1220 1321 1321 1321 1321 1326 1323 1325 1325 1324
1321 1321 1321 1321 1321 1321 1325 1321 1350 1325 1326 3400 1325 1321 1321 1240 1321 1325
1321 1325 1321 1321 1321 1321 4200 1321 1325 1321 1321 1321 1321 1321 1321 1321 3100 5300
1321 1321 1321 1600 1321 1520 1324 1323 1330 1321 1530 1321 1321 1321 1321 1321 1321 1321
1321 1321 1321 1321 4200 1321 1321 1323 1360 1325 1321 1321 2200 1321 1321 1321 5500 1360
1321 1240 1326 1360 2300 1330 1321 1321 1326 1323 1321 2600 1260 4300 1321 1321 1322 1321
1321 1321 1321 1321 1321 1321 1321 1360 1326 1323 1321 1260 1360 1326 1310 1321 1323 1325
1321 1140 1325 1325 1321 1321 1150 1360 1324 1321 1321 1321 1324 1325 2300 1321 1321 1325
1321 1230 1321 1321 1321 1330 5200 1323 1323 1321 1321 1321 1321 1321 1510 1326 1326 1323
1321 1325 1321 1325 1530 1321 1321 1321 1321 1325 1600 1321 1321 1326 1360 1323 1321 1325
1321 1321 1340 1321 1325 1321 1321 1321 1325 1323 1360 1400 1323 1321 1321 1321 1321 2500
1321 1321 1323 1250 1110 1324 1520 1321 1321 1321 1321 1321 2600 1325 1322 1321 1321 1325
1321 1321 1321 1220 1321 1321 1321 1325 1240 6100 1321 1321 5300 1321 1321 1321 1325 1321
1321 1321 5200 1321 1321 1321 1321 1321 1321 1321 1321 1325 1110 1321 1600 1321 1321 1321
1321 1321 1325 1321 1323 1321 1321 1321 1321 1321 1510 1325 1360 1325 1321 1326 1324 1325
1321 1600 1321 1321 1321 1321 1321 1325 1321 1321 1321 1325 1160 1250 1140 1520 1322 1325
1321 6200 1321 1321 1321 1321 1321 1321 1321 1230 1321 1240 1321 1321 1321 1321 1321 1325
1321 1321 1325 1321 1321 1321 1325 1326 1140 1325 1325 1321 5400 1323 4200 1321 4200 1321
1321 1321 1325 1321 1600 1321 1321 1321 1321 1321 1321 1326 1323 1323 1321 1325 1321 1360
1321 1325 1325 1321 1321 1324 1321 1321 1321 1321 2200 1321 1321 1321 1321 1321 1321 1321
1321 1321 1325 1321 1321 1326 1110 1325 1321 1321 1321 1240 1323 1321 1323 1321 1340 1321
1321 1323 1325 1321 1321 1321 1350 1324 1323 1325 1321 1321 1326 1324 4100 1321 1321 1323
1321 1321 1321 1560 1321 1600 1321 1400 1326 1322 1324 1540 1325 1321 1321 1321 1321 1321
1321 1321 1321 1321 1321 2600 1321 1321 1321 1323 1321 1325 1321 1321 1321 1323 1321 1510
1321 1321 1220 2500 1321 1321 1321 1325 1321 1321 1325 1240 1321 1321 1310 1321 1321 1360
1321 1321 1321 1321 1325 1323 1130 1325 1360 1325 1325 1323 1600 1330 1321 1325 1360 1321
1321 1130 1321 1321 1325 1321 1321 2600 1310 1240 1326 1325 1321 1321 1321 1321 1550 1321
1321 1321 1321 1321 1350 1323 1326 1325 1325 1323 6400 1321 1321 1325 1325 1321 1321 1321
1321 1325 5300 1326 1325 1321 1321 1323 1323 1321 1321 1321 1321 1321 1321 1321 1321 1321
1321 1321 1321 1321 1321 1321 1321 1321 1321 1321 1321 1321 1321 1321 1321 1325 1321 1323
1321 1321 5100 1510 1321 1325 1325 1321 1325 5500 1325 1321 1323 1321 1325 1321 1310 1321
1321 1321 1321 1321 1360 1321 1321 5300 1321 1321 1321 1321 1321 1321 1360 1250 5200 1322
1321 1321 1323 2400 1325 1250 1321 1321 1321 1321 1321 1321 1321 1326 1230 1325 1325 1360
1321 1321 1326 1321 1321 2600 1325 1321 1323 1323 1325 1360 1520 1321 1326 1325 1321 1321
1321 1321 1321 1321 1321 1321 1240 1321 1321 1321 4200 1324 1321 1321 1321 1325 1321 1326
1321 1321 1321 1325 1321 1321 1321 1321 1321 1321 1230 1321 1360 4200 1321 1530 1325 1321
1321 2500 1600 1325 1321 1321 1321 1321 1323 1325 1323 1324 1324 1321 1510 2500 1510 1325
1321 4200 1310 1321 1321 1321 1321 1321 1321 1321 1230 1325 1321 1321 1321 1325 1321 1321
1360 1325 1326 1325 1220 1600 1321 1321 1321 1321 1321 1325 1360 1321 1321 1321 1321 1321
1321 1321 1326 1326 1325 1321 1321 1325 1321 1321 1321 1321 5500 1321 1321 1321 1321 1325
1321 1325 1326 1326 1323 1321 1323 1325 1323 1321 1325 1321 1350 1326 1325 1321 1325 1220
1321 6400 1321 1220 4300 1321 1325 1600 1325 1321 1321 1325 1326 1323 1323 1326 1321 1321
1321 5200 1560 1321 1325 1360 1323 1321 1360 4200 1321 1321 1321 1325 1321 1321 1321 1321
1325 1321 1321 1321 1321 1321 1321 6100 1330 1326 1323 1325 1321 1321 1321 1321 1321 1250
1321 1321 1321 1321 1321 1325 1321 1360 1321 1321 1321 1321 1321 1325 1321 1325 1321 1321
1321 1321 1321 1321 1321 1321 1326 1310 1321 1321 1321 1322 1321 1321 1321 1321 1321 1130
1321 1321 1321 1560 1530 1321 1321 2600 1325 5500 1321 1321 1321 1321 1325 1323 6100 1321
1321 1321 1321 1325 1321 1321 1321 1326 1322 1325 1321 2600 1321 1325 5300 1323 1321 1321
1321 1325 1321 1350 1324 1321 1321 1321 1325 1325 1321 1321 1321 1325 1321 1321 1321 1321
1321 1220 1321 1321 1350 6400 1321 1321 1310 1321 1321 1321 1321 1220 1321 1321 1321 1321
1321 1321 1323 1321 1330 1325 1321 1540 1321 1321 1321 1360 1321 1323 1323 1250 1321 1321
1321 1321 1321 1321 1325 1321 1325 1321 1400 1321 1321 1321 1325 1321 1321 1321 1321 1325
1321 1324 1321 1324 1325 1360 1250 1321 1324 1323 1321 1325 1321 1325 1360 1321 1325 3100
1321 1325 1323 1324 1323 1321 5100 1325 1321 1540 1325 1321 1326 1323 1326 1321 1321 1321
1321 1321 1321 1321 1325 1321 1321 1321 6200 1321 1325 1321 1321 1321 1321 1321 1326 5500
1321 1321 1321 1321 1326 1321 1600 1321 1325 1326 1321 1321 1600 1321 1321 1321 1321 1321
1600 5500 1321 1325 1325 1321 1321 1321 1325 1321 1321 1321 1321 1360 1321 3300 1321 1324
1321 1321 1321 1321 1321 1321 1325 1326 1330 2500 1360 1321 1321 1321 1321 1321 1321 1321
1321 1321 1321 1321 1321 1321 1321 1321 1321 1321 1321 1321 1321 1350 1325 1325 1230 1321
1321 1321 1321 1321 1321 1600 1325 1310 1520 1110 1350 1321 1321 1321 1321 1321 1321 1321
1321 1321 1325 1321 1321 6400 1321 1323 1326 2600 1321 1321 1321 1321 4200 1321 1321 1321
1321 1326 1321 1360 1321 1321 1321 1321 1321 1321 1321 1321 1323 1321 1321 1325 1350 1321
1321 1321 1321 5500 1560 1340 1321 1325 1325 1326 1325 1350 1321 1321 1325 1321 1321 1323
1321 1350 1325 1323 1400 1321 1325 1321 1323 1325 1321 1326 1323 1323 1321 1250 1321 1321
1321 1321 5500 1321 1325 1321 1321 1321 1321 1321 1321 1321 1321 1325 1321 1321 1325 1321
1321 1321 1321 1360 1321 1321 1323 5500 1325 1321 1325 1321 1360 1323 1325 1540 1321 1321
1321 1321 1321 1325 1321 1240 1321 2600 1321 1325 1321 1321 1321 1321 1323 1323 1321 1321
1321 1323 1326 1321 1321 1321 1321 1321 1325 1321 1321 1324 1130 1350 1321 1321 1325 1321
1321 1321 1325 1220 1325 1323 1326 1120 1326 4200 3100 1150 1321 1321 1321 1321 1324 1220
1321 1321 1321 1321 1321 1321 1325 1324 1240 1323 1321 1321 1321 1326 1325 1321 1321 1325
1321 1321 1321 1321 1321 1321 1321 2600 1321 1350 1323 1510 5400 1150 1323 1321 2100 1323
1321 2600 1325 1323 1400 1325 1325 1325 1323 1321 1321 1321 1321 1321 1321 1321 1321 1310
1321 1321 1325 1321 1321 1321 1325 1321 1230 1321 1321 2100 1322 1321 1325 1321 1325 1325
1321 1321 1321 1321 1321 1321 1321 1340 1325 1323 1321 1321 1323 1321 1321 1321 1323 1321
1321 1230 4300 1321 1321 1321 1324 1323 1321 1310 1321 1321 1110 1323 1321 1321 1325 1321
1321 1230 1321 1321 1321 1321 1321 1321 1321 1400 1323 1321 1321 1321 1321 1321 1321 1321
1321 1325 1321 1325 1310 1321 1321 1321 1321 1323 1220 1321 1321 1321 1321 1321 1321 1321
1321 1321 5200 2500 1321 1321 1325 1321 1400 1321 1325 1321 1325 1321 1321 1321 1321 1321
1321 1321 1321 1321 1330 1326 1321 5300 1321 1330 1321 1321 1325 1321 1321 1321 1323 1323
1321 1321 1321 1330 1321 1321 1324 1321 1321 1323 1510 1321 1325 1321 1325 1321 1321 1321
1321 1321 1400 1326 1323 1321 1321 1321 1321 1326 1321 1321 1326 1325 1325 1510 1323 1330
1321 1321 1600 1321 1321 1220 4300 1321 1321 1321 1560 1321 1325 1321 1321 1321 1323 1321
1321 1321 1220 1110 2600 1321 1321 1321 1324 1110 1325 1325 1325 1321 1321 1220 2500 1160
1321 1321 1321 1321 1330 1321 1321 1321 1325 1321 1321 1321 1321 1321 1321 1321 1321 1321
1321 1325 1321 1321 1321 1321 1310 1325 1321 1325 1321 1321 1360 1220 6400 1321 1321 1321
1321 1321 1325 1321 1325 1323 1325 5200 1325 1323 1321 1321 1325 1321 1321 1321 1321 1321
1321 1321 1321 1321 1325 1350 1321 1321 1321 1321 1325 1325 1325 1325 1600 1321 1321 1321
1321 1321 1321 1321 1321 1325 5500 1325 1400 1510 1150 1540 1321 1340 1321 1321 1323 6400
1321 1330 1325 1321 1321 1350 1326 1321 1250 1323 1325 1321 1325 1326 1323 4200 1321 1321
1321 1560 1321 1321 1321 1321 1321 1322 1321 1324 1360 1326 1350 1321 1600 1321 1321 1326
1310 1326 2500 1220 1326 1323 6400 5200 1510 1321 1321 1321 1321 1321 1321 1321 1321 1326
1321 1321 1321 1321 1321 1321 1310 1321 1325 5500 1321 1321 1321 1321 1325 1321 1323 1400
1321 1321 1321 1321 1321 1324 1321 1323 1321 1321 6200 1321 1130 1321 1321 1321 1321 1321
1321 1321 1600 1560 1321 4200 1325 1321 1220 1321 2300 1321 1220 1321 1321 1321 1321 1321
1321 1321 1321 1321 1250 1321 2300 1321 1321 1321 1321 1326 1325 4200 1350 1321 1260 1325
1321 1321 1323 1326 1321 1321 1321 1321 1321 1321 1321 1321 1321 1321 1321 1325 1321 1321
1321 1220 1326 1110 1321 1323 1310 1321 1360 2200 1321 1321 1321 1321 1321 1321 1321 1210
1321 1324 1321 2500 1325 1321 1520 1323 1321 1321 1321 1321 1321 1321 1321 1340 1325 1321
1321 1321 1321 1321 1321 1321 1321 1321 1321 1321 1321 1321 1321 1321 5500 1321 1321 1321
1321 1321 1321 1321 1325 1321 1321 1321 1321 1321 1321 1321 1321 1321 1321 1230 1323 1240
1321 1360 1321 1321 1323 1520 1350 1321 1322 1400 1325 1321 1321 1321 1321 1321 1321 1322
1321 1350 1350 1325 1321 1321 1321 1321 1323 1322 1321 1325 1321 1321 1321 1321 1321 2200
1321 1321 1600 1321 1321 1321 1321 1323 1321 1321 1321 1321 1325 1321 1321 1321 1400 1321
1321 1321 1260 1360 1323 1325 1323 1321 1325 1321 1325 1321 1326 2100 1321 1321 1321 1323
1321 1321 1321 1321 1325 1321 1321 1326 1325 1250 1325 1325 1330 1321 1321 1321 1325 1325
1321 1330 1321 1321 1325 1326 2100 1321 1321 1360 1326 1321 1325 1321 1325 1321 1340 1321
1321 5300 1350 4200 1321 1323 1325 5200 1321 1325 1321 1321 1323 1321 1321 1321 1321 1321
1321 1321 1321 1321 1323 1321 4200 1321 1321 1321 1321 1321 1321 1321 1321 1323 1321 1321
1321 1321 1350 1321 1321 1321 1250 1220 2300 1325 1321 1321 1321 1321 1325 1325 1325 1130
1321 1220 1321 1321 1321 1321 1321 1321 1325 1321 1321 1321 1321 2600 1600 1321 1321 1321
1321 1321 1321 1325 1325 1321 1321 1321 1321 1325 1321 1321 1325 1360 1323 1325 1321 1321
1321 4200 1321 1321 1321 1325 1321 1321 1230 1321 1600 1321 1321 1321 1321 1321 1321 1321
1321 1321 1321 1325 1321 1321 1310 1325 2200 1321 1323 1321 1321 1321 4200 1321 1600 1321
1321 1321 1321 1321 1321 1325 1321 1325 1321 1321 1321 1325 1325 4200 1326 1323 1321 1560
1321 1321 1321 6400 1321 1360 1323 1321 1150 1321 1321 1321 1360 1323 1600 1321 1321 1350
1321 1323 1321 1321 1321 1325 1321 1321 1321 1325 1220 1360 1325 1321 1323 1330 1321 1321
1321 1325 1321 1321 1325 1326 1321 1325 1321 1310 1326 1325 1321 1324 1321 1321 2300 1321
1321 1321 1321 1321 1140 1321 4200 1321 1321 1323 1326 1110 1321 1321 1321 1321 1325 5500
1321 1321 1321 1321 1325 1600 1323 1321 1323 1321 1250 1325 1321 1325 1321 1360 1321 1321
1321 1321 1321 5500 1321 1321 1321 1321 1321 1321 2600 1321 1321 1140 1321 1321 1321 1324
1321 1326 1340 1325 1325 1325 1510 1220 1321 1310 1360 1350 1321 1326 1325 1110 1325 1230
1321 1321 1325 1321 1325 1325 1326 1323 1350 1326 1321 1326 1321 4200 1321 1321 3300 1360
1321 1321 1321 5300 1321 1321 1321 1321 1360 1325 1321 1321 1230 1323 1321 1325 1321 1321
1321 1321 1321 1321 1321 1321 1325 1321 1350 1321 1321 1321 1321 1321 1321 4200 1325 1321
1321 1321 1360 6400 1325 1324 1350 1321 1325 2200 1321 1321 1321 1321 1325 2300 5200 1321
1321 1321 1321 1326 2200 1321 1321 1321 1325 1560 1325 1325 1321 1321 1321 1321 1220 1321
1321 5300 1530 1321 1321 1325 1325 1323 1350 1325 1321 1321 1321 1321 1321 1321 1321 1360
1321 1321 1321 1230 1321 1323 1400 1330 1321 1321 1321 1324 1325 1326 3100 1323 1321 1321
1321 1321 1325 1326 1321 1321 1321 1321 1321 1323 1325 1321 1321 1325 1326 1360 1325 1321
1321 1321 1321 1321 1321 1321 1321 1325 1321 1321 4300 1321 1321 1321 1321 1360 1321 1321
1321 1325 1321 1321 1321 1321 1323 1321 1321 1321 1340 1540 4200 1540 1321 1325 1321 1324
1321 1560 1321 1321 1400 1325 1321 1350 1560 1321 1321 1321 1321 1325 1321 1325 1321 1321
1321 4200 2200 1210 1220 1321 1321 1323 1321 1321 1321 1321 1321 1321 1230 1321 1321 1321
1321 1325 4200 1321 2300 1321 1321 1325 1110 1321 1321 1326 2600 1360 1260 1379 1321 1240
1321 1321 1325 1323 1160 1324 1326 1326 1321 1326 1325 1321 1321 1321 1323 1325 1325 1321
1321 1325 1321 6400 1321 1321 1321 1321 1321 1321 1310 1325 1325 1323 1321 1321 1350 2500
1321 1321 1321 1321 1321 1321 1321 3300 4200 1323 1321 1321 1321 1321 1321 1321 1324 1325
1321 1321 1321 1321 1323 1321 1321 1325 1321 1323 1325 1325 1321 1324 1321 1321 1321 1321
1321 1360 2400 1321 1321 1326 1400 1325 1321 1321 1321 1321 1321 1560 1325 2200 1325 1321
1321 1321 1321 1321 1321 1323 6400 1323 1321 1325 1321 1323 1321 1326 1325 1323 1325 1321
1321 1326 1360 1325 1321 1325 1321 1321 1321 1321 1325 1321 1400 1240 1110 1321 1321 1250
1321 1230 1140 1323 1325 1321 1360 2100 1321 1326 1321 1321 1321 1321 1321 1321 1321 1321
1321 6400 1321 1321 1321 1321 1321 1325 1360 1321 1360 1360 1321 1325 1326 1321 1321 1400
1321 1230 1321 1324 1600 1321 1325 1326 1325 6200 1321 1321 1321 1321 1321 1321 1325 1321
1321 1110 1326 1325 1325 1321 1326 1321 1323 1350 1321 1324 1321 1326 1325 1510 1323 1321
1321 1326 1321 1321 1321 1323 1325 1321 1326 1321 1324 6300 1321 1321 1321 1325 1321 1321
1324 1360 1325 1321 1321 1321 1330 2200 1321 1321 1321 1321 1325 1325 1321 1321 1325 1321
1321 1350 1323 1321 1325 1325 1321 1321 1321 1321 1321 1321 1321 1220 1400 1120 1325 3100
1321 2600 1326 1325 1321 1321 1321 1250 4300 1321 1220 1400 1600 1325 1220 1321 1600 1326
1321 1321 1321 1321 1321 1321 1321 1325 1321 1321 1321 1325 1323 1321 1150 1321 1321 1325
1321 1321 1321 1321 1321 1325 1325 1321 1321 1310 1321 1321 1321 1323 1321 1321 6200 1321
1321 1325 1600 1321 1321 1321 1323 1321 1321 1321 1321 1321 1321 1321 5300 1326 1326 1321
1321 1321 1230 1321 1321 1324 1323 6400 1360 1360 1321 1321 1321 1325 1325 1321 1321 1321
1321 1323 1325 1323 1321 1321 1321 1360 6100 1325 1321 1321 1325 1321 1321 1325 1321 1321
1321 1510 1321 1325 1360 1326 1324 1326 1230 1326 6317 1323 1321 1323 1321 1330 5500 1350
1321 1326 2600 1321 1321 1325 1321 1321 1321 1321 1360 1326 1321 1325 1321 1321 1321 1310
1321 1250 1325 1325 1326 1324 1321 1350 2500 1321 1321 1321 1321 1321 1325 1326 1326 1321
1321 1321 1321 1325 1321 1321 1323 1321 1560 1321 1321 5500 1323 1325 1325 5200 1325 4300
1321 1321 1321 1330 2100 1321 1325 2600 1321 5100 1321 1325 1321 1321 1321 1321 1321 1321
1321 1325 1325 1321 1321 1325 1360 1325 1325 1321 1321 1321 1321 1321 2600 1321 1321 1321
1321 1325 2500 1230 1326 1325 1323 6400 1321 1321 1326 1110 1325 1322 1321 1321 1321 1321
1321 1321 1321 1310 1325 1321 1321 1321 1325 1321 1321 1321 1321 5500 1350 1322 5500 1321
1321 1324 1323 1321 1560 1321 1321 1321 1325 1321 1321 1321 1321 1325 1321 1321 1326 1323
1321 1360 1325 1321 4300 1321 1321 1325 1110 1321 1321 1321 1321 1321 1330 1321 1326 4100
1321 1321 1321 1321 1321 1321 1321 6100 1323 1321 1326 1321 1321 1321 1323 5200 1321 1321
1321 1321 1321 1325 1321 1323 1321 1321 1321 1321 1323 5400 1321 1321 1325 1321 1321 1321
1321 1321 1220 1321 1325 1321 1321 1323 1321 1325 6400 1325 1520 1325 1230 1325 1510 1321
1321 1321 1325 1325 1325 2500 1321 1321 1321 1326 1321 1321 1321 1325 1321 1330 1321 1321
1220 1321 1323 1325 1310 1321 1321 1321 1321 1321 1321 1326 1321 1321 1325 1321 1321 1321
1321 1321 5500 1321 1321 1321 1325 1325 1321 1325 1321 1360 1325 1321 1321 1321 1600 1321
