1321 1325 1326 1322 1400 4200 1230 1321 1321 1321 1321 1321 2100 1321 1321 1325 1321 1325
1321 1325 1321 1321 1321 1321 1325 1110 1321 1325 1321 1321 1310 1325 1321 1324 1321 1350
1321 1321 1325 1400 1325 1326 1360 1360 1321 1321 1230 1321 1325 1321 1321 1350 1321 1321
1321 1350 1360 1360 1360 6100 1530 1110 2400 1321 1325 1321 1321 1321 1321 1330 1321 1321
1321 1325 1360 1324 1321 1321 1323 1360 1325 1326 1321 1321 1321 1240 1321 1321 1321 1330
1321 1321 1321 1325 6400 1321 1321 1321 1321 1321 1321 6400 1321 1321 1321 1321 1321 1321
1321 1325 1321 1325 1325 1326 1321 1321 1321 1325 1330 1321 1321 1321 1340 1321 1321 1321
1321 1323 1510 1322 1321 1325 1321 1325 1321 1325 1530 1321 1321 1321 1321 1321 1321 1321
1321 1321 1321 1321 1321 1600 1321 1540 1321 1325 1510 1325 1321 1325 1325 1360 1325 4300
1321 1321 1400 1321 5300 1321 1321 1321 6400 1321 1321 1321 1321 1600 1321 1321 1600 1321
1321 1321 1325 1325 1321 1321 1540 1325 1520 1326 1325 1321 1321 1560 1321 1321 1321 1321
1321 1321 1325 1321 1321 1321 1321 1321 1321 1321 1321 1220 2600 2200 1321 5500 1321 1326
1321 1325 1321 1325 1321 1325 1321 1220 1323 1321 1325 6400 1321 1321 2200 1326 1321 1321
1321 1324 1321 1321 1321 1321 1321 1600 1321 1321 1321 1321 1321 1321 1321 1321 6200 1321
1321 1323 1321 5200 1325 1340 1321 1321 1230 1321 1321 1325 1321 1321 1321 1321 1321 1321
1321 1323 1323 1240 1326 1321 3300 1323 2500 1323 1321 1360 1510 1322 1321 1321 1321 1321
1321 1325 1323 1325 1326 1321 1321 1321 1321 1321 1321 1321 1310 1110 1321 1321 1321 1321
1321 1325 1325 1325 1324 1321 1321 1230 4200 1360 1350 1160 1321 1325 1321 1321 1325 1321
1321 1321 3200 1400 1130 1510 1310 1210 1210 1560 1321 1321 1321 1600 1321 1321 1321 1321
1321 1321 1321 1321 1321 4400 1321 1325 1321 1321 1326 1321 1321 1321 1321 1321 1321 1321
1321 1323 1321 1326 1324 1323 1323 1325 1350 1325 1325 1323 1325 1326 1324 1321 1321 1600
1321 1321 1321 1325 1360 1321 5300 1321 1321 1321 1321 1321 1321 1321 1340 1321 1321 1321
1310 1323 1350 1323 1600 1360 1310 1321 1330 1360 1360 4200 1321 1321 1321 1540 1520 1322
1321 1321 1325 2500 1321 1325 1600 1321 1321 1600 1321 1321 2600 1321 1321 1321 1321 1321
1321 1325 1326 1321 1321 1321 1321 6400 1321 1600 1321 1321 1321 1321 1321 1321 1321 1321
1321 1321 1250 1250 1360 1326 1321 1321 1360 1321 1321 1325 1321 1321 1325 1321 1321 1321
1321 1360 1600 1321 4200 4200 1321 1321 1321 1360 1321 1310 1321 2200 1310 1321 1321 1321
1321 1321 1321 1321 1321 1350 1321 1321 1321 1321 1321 1321 1321 1321 2500 1321 1325 1325
1321 1350 1350 1325 1321 1323 5500 6400 1321 1324 2500 1321 1326 1321 1321 1321 1324 1600
1321 1321 1325 2500 1321 1321 1400 1321 1321 1600 1321 1321 1321 1321 1321 1321 1321 6400
1321 1321 1230 1321 1321 1321 2600 2200 1220 1360 1325 1350 1325 1325 1321 1360 1321 1321
1321 1321 1321 1321 1321 1321 1321 1321 1326 1321 1330 1321 1321 1321 1321 1321 1321 1321
1321 1321 1325 1230 1110 1321 1325 1321 1321 1321 1310 1321 1325 1321 1325 1326 1321 1325
1321 1325 1325 1326 1321 1321 1321 1321 1321 1321 1321 1321 1321 1325 1330 1321 1321 1321
1321 1321 1321 1600 1321 1321 1321 1321 1321 1330 1350 1321 1325 1325 1321 1321 1325 6400
1325 1323 1520 1325 1220 1340 1325 1321 1560 1560 1321 1321 1321 1321 1321 1321 1321 1321
1321 1321 1310 1400 1321 5300 1326 1321 1323 6400 1321 1321 1326 1600 1321 1321 1321 1600
1321 1321 1323 1230 1110 1325 1360 1530 1321 1325 1325 1325 1321 1321 1321 1321 1321 1321
1321 1321 1325 1360 1230 1360 4200 4200 3400 1220 1326 2500 1323 1321 1600 2600 1110 1325
2600 1321 1323 1324 1600 1325 1321 1321 2200 1321 1321 1600 1321 1321 1330 1360 1325 1321
1321 1321 1325 1321 1321 1321 1321 1321 1321 1321 1321 1321 1321 1321 1321 1326 1321 1321
1321 1325 1325 1325 1325 1326 1321 1510 1310 1210 1340 1321 1321 1321 1321 1321 1560 1321
1321 1321 1321 1310 1321 1321 1321 1326 6200 1321 1321 1321 1321 1321 1321 1321 1321 1321
1321 1360 1360 1321 1321 1321 1321 5100 1325 1321 1321 1321 1310 1600 4400 1321 1321 1321
1321 1321 1321 1321 1321 1600 2600 2200 1321 1321 1321 1600 1321 1321 1321 1321 1600 1321
1321 1325 1321 1325 1325 1520 1322 1321 1130 2600 1360 1321 1321 1325 1600 1321 1321 1360
1321 1325 1323 1325 1321 1325 1360 1321 1321 1321 1321 4400 1321 1321 1321 1321 1321 1321
1321 1325 1321 1321 1321 1321 1321 1321 6400 1321 1321 1321 1321 1321 1321 1321 1321 1321
1321 1323 1326 1321 1310 1321 6400 1321 1321 1321 6400 1321 1321 1600 1321 1600 1321 1321
1321 1321 1323 1323 1325 1321 1240 1321 3300 1326 1323 1321 1321 1325 1322 1321 1321 2500
1321 1321 1323 1220 1323 1321 1330 1321 1321 1321 1321 1600 2600 1321 1321 1321 1321 1600
1321 1325 1326 1321 1325 1326 1325 1326 1325 1321 1325 1360 1326 6400 1321 1321 1321 1321
1321 1324 1350 1321 1325 1360 1325 1360 1230 1321 1360 1325 1321 1321 1230 1321 1150 1321
1321 1325 1326 1323 1323 1360 1325 4300 1321 1321 1321 1321 1321 1321 1321 1310 1321 1321
1321 1325 1323 1325 1600 1326 1325 1600 1321 1325 1321 1325 1321 1321 1321 1600 1321 1321
1321 1325 1325 1321 1321 1340 1310 1360 1360 1326 1530 1323 1220 1326 1325 1321 1321 1321
1321 1220 1326 1321 1321 1321 1220 1321 1321 1321 6400 1321 1321 6400 1321 1321 1321 1321
1321 1325 2600 1321 1321 1540 1326 1321 1321 1321 1321 1321 1321 1325 1321 1321 1321 1321
1321 1350 1325 1321 1250 1250 1325 1110 1321 4200 1321 1321 1321 1321 1321 1321 1321 1321
1321 1325 1110 1325 1325 1323 1321 1323 1324 1323 1321 1250 1323 1325 1321 1321 1230 1321
1321 1321 1326 1325 1321 1321 1321 1150 1350 2200 1321 1321 1325 1321 1321 2100 1321 1324
1326 1323 1325 5200 1325 1321 1325 1321 1321 1600 2600 1321 1325 1321 1321 1350 1321 1321
1321 1325 1325 1323 1321 1310 1220 1326 1325 1326 1324 4400 1326 6300 1321 1520 1260 1321
1321 1321 1325 1325 1321 1321 1321 1321 1321 1321 1600 1330 1321 1321 1321 1321 1321 1321
1321 1350 1323 1321 1240 2100 1325 1321 1321 1600 1321 1321 1321 1325 1321 1326 1325 1321
1321 1360 1310 1400 1323 1600 1325 1321 1321 1324 1321 1360 1323 1321 1325 1321 1325 1321
1321 1325 1321 1250 1250 1140 1325 1600 1321 1350 6400 1321 1321 1321 1321 1600 1321 1321
1220 1325 1321 1250 1520 2100 1323 1321 1600 1326 1530 1310 1321 1220 1321 1321 1210 1310
1321 1220 1324 1325 1321 1321 1321 1321 1321 1321 1321 1321 1321 1321 1321 1321 6400 1321
1321 1323 1321 2500 1321 1600 5500 1321 1321 1321 1321 1120 2500 1321 1321 1323 1321 1321
1321 1325 1323 1321 1321 1321 1321 1321 1321 1325 1321 1321 1325 1230 1325 1321 1321 1230
1321 1325 1323 1325 1321 1321 5300 5200 1321 1321 1325 1324 1325 1324 1600 1325 1323 1325
1321 1360 1326 1150 1110 1321 1330 4400 1321 1321 1321 1321 1321 1321 1230 1360 1321 1323
1321 1350 1322 1340 1321 5200 1321 1321 1321 1321 1321 2600 2200 1600 1321 1321 1321 2600
1321 1325 1323 1321 1323 1324 1321 1321 1600 2600 1350 1321 1321 1321 1321 1321 1321 1323
1321 1321 1325 1540 1321 1326 1323 1321 1321 1321 1321 1321 1321 1321 1321 4400 1321 1324
1321 1350 1323 1321 1240 1260 1325 1321 2500 1330 1321 1310 1210 1325 1600 1321 1321 1321
1321 1350 1323 1321 1321 1325 1350 1321 1323 1325 1324 1321 1600 1326 1325 1321 1325 1326
1321 1321 1326 1326 1360 1321 1321 1360 1321 1321 1321 1321 1321 1321 1321 1321 1321 1321
1321 1600 1321 1326 1110 1325 1321 1321 1560 1321 1321 1321 2100 1325 1325 1321 1325 1321
1321 1325 1323 1360 1321 1325 1321 1326 1325 1321 1600 1321 1321 1321 1321 1600 1560 1360
1321 1321 1321 1600 1321 1321 1321 1321 2200 1321 2200 1321 1600 1321 1321 1321 1321 1321
1321 1323 1325 1240 1350 1160 1321 1321 1326 1110 1322 1310 1321 1321 1321 1321 1321 6200
1321 1325 1230 1110 1321 1325 1230 1360 4100 1321 1321 1321 1310 1321 1321 2200 1321 1321
1321 1325 1321 1326 1325 1323 1240 1321 1321 4100 1560 1321 1321 1321 1321 1321 1321 1321
1321 1321 1325 1323 1325 1326 1250 1310 1321 1310 1321 1321 1550 1321 2600 1321 1325 1600
1321 1321 1325 1321 1520 1260 1326 1323 2500 1110 1321 1325 1325 1321 1325 1321 1360 1110
1321 1323 1321 1321 1321 1325 1321 1321 1520 2100 1550 1321 1321 1321 1321 1321 1321 1321
1321 1324 1324 1321 1321 1321 1321 1321 1340 1321 1321 2500 1321 1321 1321 1360 1325 1321
1321 1321 1325 1540 1326 1321 1510 4200 1321 1321 1600 1321 1321 1325 1325 1321 1321 4400
1321 1321 1325 1321 1321 1321 1600 1321 1321 1321 1321 1321 1600 1321 1321 1330 1321 1230
1321 1321 1323 1220 4300 1340 1321 1321 1321 1321 1321 1321 1321 1321 1321 6200 1321 1321
1321 1325 1321 1321 1321 1321 1321 1321 1600 1321 1321 1321 1325 1321 1321 1600 1321 1321
1321 1325 1326 1321 5300 1325 1321 1250 1323 1360 1240 1321 1140 1400 3100 1321 1321 3100
1321 1350 1323 1325 1326 4400 1321 1325 1325 1321 1250 5200 1321 4400 1321 1325 1321 1321
1321 1321 1325 1321 1321 1240 1321 1325 1230 1326 1321 1321 1321 1321 1326 4200 1321 1325
1321 1321 1321 1321 1321 1321 1321 1321 1321 1326 1321 1220 1321 1321 1321 1325 1321 1321
1321 1321 5500 2500 1321 1325 6400 5500 1260 6400 1321 1321 1321 1321 1600 1321 1321 1321
1321 1323 1321 1325 1321 1326 1321 1250 1323 1520 3400 1540 1323 6200 1321 1325 1325 1360
1321 1325 1321 1325 1321 1325 1321 1321 1325 1321 1321 1321 1321 1600 1330 6100 2200 1321
1321 1321 1325 1325 1324 1325 1321 1325 1321 1321 1326 1140 1560 1321 1321 2200 1360 1130
1321 1325 1325 1326 1324 1310 1360 1520 1140 1321 1250 1325 1326 1321 1321 1321 1321 1321
1321 1321 1325 1110 1326 1321 1321 1321 1321 1321 1321 1321 1321 1321 1321 1321 1321 1325
1321 1321 1325 1325 1360 1240 1350 1321 1330 1310 1321 1330 1350 6400 1321 1321 1321 1321
1321 1323 1323 1321 1321 1326 4200 1310 1321 1550 1321 1321 1321 1321 1321 1321 1321 1321
1321 1325 1323 1321 1325 1321 1326 1325 1321 1326 1400 1325 6400 2200 1321 1321 1321 1321
1321 1321 1326 1321 5300 1324 2500 1321 1350 1260 1321 1321 1321 1326 1321 1321 1321 1321
1321 1325 1323 1321 1321 1321 1321 1321 1321 2600 1321 1321 5100 1321 1321 1321 1321 1321
1321 1325 1325 1326 1360 1321 1323 1325 1321 1321 1321 1321 1326 1321 1330 1321 1321 1321
1321 1325 1326 1323 1325 1323 1325 1324 1321 1325 1323 1323 1321 1600 1323 5300 5200 1321
1321 1322 1321 1323 1600 1321 1321 1321 1321 1326 1321 1321 1321 1321 1310 1321 1400 1321
1321 1321 5200 1321 1321 1321 1310 1326 1321 1550 1321 1321 1321 1220 1324 1230 1321 1321
1321 1326 1325 1310 1340 1321 1321 1321 1330 1321 1321 5200 1321 1321 1321 5200 1321 1321
1321 1321 1325 1321 1321 1321 1321 1321 1321 1321 1321 1321 1321 1321 1321 1321 1600 1321
1321 1230 1326 1323 1360 1324 1350 1160 1321 1321 4200 1325 1321 1321 1321 1321 5300 1321
1321 1325 1322 1400 1560 1340 1150 1600 1325 1321 1325 1321 1325 1321 1325 1321 1600 1325
1321 1350 1323 1323 1323 1350 1323 1325 1350 1323 1325 1323 1325 1325 1321 1325 1325 1360
1321 1325 1326 4400 1321 1325 1324 1323 1310 1326 1321 1326 1330 1321 1321 1321 1600 1321
1321 1321 1323 1325 5300 1321 1321 1321 1321 1600 1321 1321 1325 2600 1321 1323 1321 2200
1321 1323 1323 1321 1325 1321 1326 1321 1520 1260 1326 2500 1325 1321 1321 1321 1321 1325
1321 1325 1322 1321 1321 1230 1321 1321 1325 1321 1360 1321 1321 1321 4200 2300 1325 1321
1321 1350 1321 1321 1400 1321 1321 1600 1600 1325 1321 1321 1321 1324 1321 1321 1321 1600
1321 1350 1325 1321 1321 1325 1325 1325 1324 1325 1321 1321 1250 1323 1600 1350 1321 1321
1321 1325 1325 1321 1325 1321 1323 1321 1510 1322 1321 1326 1321 1325 1326 1321 1321 1321
1321 1325 1325 1326 1323 1323 1323 1360 1321 1140 1400 1220 1321 1600 1600 1321 1321 1220
1321 1321 1325 1321 1325 1325 1324 1321 1240 6300 1321 1321 1321 1325 2500 1110 1321 1330
1321 1321 1325 1321 1321 1321 1326 1321 1520 1321 1520 1326 6200 1321 1321 1230 1321 1520
1321 1325 1250 1325 1321 1321 1321 1321 1321 1350 6400 1321 1321 1323 2200 2600 1321 1321
1321 1325 1325 1326 1325 1321 1325 1360 1321 1321 1321 1325 1360 1321 1321 1321 1321 2600
1321 1321 1325 1325 1326 1321 1321 1321 1326 1321 1321 1321 1321 1321 1321 1321 1321 1325
1321 1324 1321 6400 1321 1321 1321 1600 1321 1321 1600 1321 1321 1321 1321 6400 1321 1321
1321 1321 1321 1321 1326 2100 1321 1325 1321 1321 1321 1321 1321 1325 1321 1321 1325 1321
1321 1321 1230 1321 1321 1321 5300 1321 1321 1360 4200 1321 1321 1325 1230 6300 4200 1321
1321 1325 5200 1325 1220 1360 1326 1150 1360 4200 3400 6400 1330 1230 1350 1600 1321 1321
1321 1325 1326 1323 1321 5300 1310 1321 1321 1321 1321 1321 1330 1321 1321 1321 1321 1321
1321 1324 1321 1600 1323 1220 1326 1321 1326 1150 1360 1340 1321 1324 1323 1321 1350 1323
1321 1325 1325 1321 1321 1321 1321 1325 1321 1325 1321 1321 1323 1220 1326 1321 1321 1310
1321 1325 1326 1325 1321 1325 1321 1325 1321 1321 5300 1310 1321 1321 2200 1321 1321 1321
1321 1321 1330 1321 1321 1321 1321 1310 1325 1350 1350 4300 1325 1321 1321 1321 1240 1260
1321 1321 1321 1325 1510 1325 1323 1321 1325 1600 1325 1324 1325 1360 1510 1322 1321 4200
1321 1325 1321 1323 1321 1325 2500 1323 1321 1240 4200 4200 2600 2300 1321 1325 2400 1321
1321 1323 1530 1325 1321 1321 1321 1321 1321 1325 1325 1321 1325 1321 2200 2600 1600 1321
1321 1321 1325 1321 1324 1220 1350 1321 1321 1321 6400 2200 1321 1360 1325 1240 1350 1321
1321 1324 1325 1600 1321 1321 1321 5500 1321 1321 1321 1321 1600 1321 1321 1600 1321 1321
1321 1325 1325 1321 1325 1230 1321 1321 1321 1321 1340 1321 1321 1321 1321 1321 1321 1321
1321 1325 1325 1326 1321 4200 1323 1321 1321 1560 1230 1321 1321 1220 1326 1325 1321 1321
1321 1321 1321 1321 1321 1321 1321 1321 6400 1321 1321 1321 1321 1325 1321 1321 1321 1330
1321 1323 1360 1325 1321 1321 1321 1325 1321 1321 1321 1321 1321 1321 2600 1321 1321 1321
1321 1560 5200 1321 1310 1110 1321 1325 1321 1321 1321 1321 1321 1321 2200 2600 1600 1321
1321 1321 1325 1321 1324 1321 1321 1540 1321 5300 1321 1321 1321 1321 6400 1321 1321 6200
1321 1325 1325 1325 1323 1360 1326 1150 1360 4200 3400 2600 2500 1323 1321 1321 1321 1321
1321 1321 1325 1321 1321 1321 1321 1321 1321 1321 1325 2600 1321 1321 1321 1321 1321 1325
1321 1321 1323 1325 1321 1321 1140 1321 1321 1321 1330 1230 1321 1321 1321 2200 1321 1321
1321 1350 1321 1321 1110 1321 1360 4200 1323 1325 1321 1321 1321 1600 1321 1321 1321 1321
1321 1350 1323 1321 1323 1321 1321 1340 1310 1210 5500 1321 1321 1550 1321 1321 1321 1321
1321 1360 1110 5200 1321 1321 1321 1325 2600 1360 1321 2600 1350 1260 2500 1321 1325 1321
1321 1321 1321 1600 1321 1321 1321 1321 1321 1321 1321 1321 1321 1321 1321 1321 1321 2500
1321 1321 1326 1360 1325 1321 1325 1321 1322 5300 1321 1325 1321 1325 1321 1321 1321 1321
1321 1321 1400 1325 1325 1324 1325 1321 1520 2500 1321 1323 2500 1360 1321 2600 1220 1324
1321 5500 1260 6400 1324 5600 1110 1321 1400 1600 1325 1321 1321 1325 1321 1325 1321 2500
1321 1326 1150 1230 1323 1321 1321 1321 1321 1321 5300 1321 1321 1321 1321 1321 1321 1321
1321 1324 1323 1323 1230 1323 1321 1325 1326 1321 1325 1321 1321 1324 1600 1321 1323 1321
1321 1350 1321 1360 1510 5200 1321 1321 1321 1360 1250 1325 1360 1350 1325 1330 1321 1325
1321 1325 1325 1324 1325 1321 1323 1323 1350 6300 1321 1230 1321 5200 1321 1326 6300 1321
1321 1350 1323 1321 1321 1323 1324 1110 1322 1321 1321 1110 1321 1321 1321 1321 6200 1321
1321 1220 1323 1323 1321 1321 1321 1321 1321 1321 1330 1321 1321 1325 1321 1321 1330 1220
1321 1324 1110 4400 1321 1326 1325 1321 1325 1326 1321 1321 1321 1321 1325 1330 1321 1321
1321 1220 1321 1321 1323 1326 2100 1510 1321 1330 1560 1321 1310 1321 1321 1321 1321 1321
1321 1325 1325 1340 1321 1321 1321 1321 1321 1321 1321 1321 1321 1321 1400 1321 1321 1321
1321 1322 1325 1324 1325 5200 1325 1325 1323 1325 1326 1150 1350 1321 4400 1321 1321 1321
1321 1321 1323 1230 1360 1230 1110 1310 1321 1323 1150 1360 4200 6400 1321 4200 1323 1325
1321 1325 1323 1321 1321 1321 1321 1321 1321 1321 1321 1321 1321 1321 1321 1325 1325 1321
1321 1325 1230 1110 1321 1325 1220 1321 1321 1326 1326 1321 1325 1324 6400 1600 1321 1321
1321 1325 1321 1240 1321 1321 1325 1321 1325 1321 1323 1220 1321 1321 1321 1321 1321 1321
1321 1321 1325 1321 1321 1321 1550 1321 1321 1321 1321 1325 1321 1321 1321 1321 2200 1321
1321 1325 1323 1325 1240 1321 1325 1321 1360 1325 1321 1360 1310 1321 1323 1325 1321 1321
1321 1321 1321 1325 1321 1325 1321 1220 1350 1321 1310 1325 1321 1325 1110 1321 1321 1600
1321 1321 1323 1325 2400 1321 1321 1321 1321 1323 1321 1321 1321 1321 1321 2200 2600 2200
1321 1325 1240 1350 1321 1310 5500 1321 1321 1600 2600 1321 1321 1321 1321 1600 1325 2600
1321 1321 1325 1321 1321 1326 1321 1321 1360 1325 1360 1325 4200 1321 1321 1210 1560 5200
1321 1321 1360 1130 1321 1325 1321 1325 1325 1220 1326 1321 1325 1321 1321 1321 1321 1321
1321 1325 1326 1323 1323 1360 1510 5200 1321 1321 1325 2500 1321 1325 1323 1321 1321 1321
1321 1321 1321 1321 1321 1321 1321 1321 1321 1321 1321 1321 1330 1321 1321 1325 1321 1321
1321 1350 1322 1340 1321 1326 1325 1321 1325 1326 1321 1321 1321 1321 1321 1321 1321 1321
1321 1325 1250 1326 1321 1321 1321 1310 1321 1321 1321 1321 1321 1321 1400 1321 1321 1321
1321 1321 1321 1321 1321 1321 4400 1321 1321 1326 1321 1325 2400 1321 1321 1323 1323 1321
1321 1325 1325 1325 5200 1321 1321 1321 1321 1323 1325 1321 1321 1321 1321 1321 1321 1321
1321 1350 1323 1323 1325 1600 1323 1324 1325 1321 1323 1321 1325 1324 1325 1240 1326 1321
1321 1321 1325 1325 1326 1323 1325 1321 1325 1325 1326 1350 1321 1325 1321 1321 1600 1321
1321 1340 1510 1322 1321 1326 1321 1325 1325 1321 1325 1310 1321 1321 1325 1321 1321 1321
1321 1325 1326 1323 1325 1326 1240 1326 5200 1325 1321 1321 1321 1321 1321 1321 1325 1321
1321 1321 1325 1360 1321 1250 1250 1325 1321 1321 1321 4200 5200 1321 1321 1324 1321 1325
1321 1321 1321 1326 1321 1325 6400 1321 1321 1321 1321 2600 1321 1321 1325 1310 1321 1321
1321 1325 1325 1325 1321 1325 1321 1321 1321 1321 1321 1321 1321 2100 1321 1325 1220 1321
1321 1321 1321 1321 1323 1321 1321 1321 1325 1325 1520 1130 1325 1321 1321 1321 1324 1325
1321 1325 1326 1510 1130 1350 1325 1324 1325 1324 1321 1110 1340 5400 1350 1360 1110 1325
2600 1326 1323 1360 5200 1220 1220 4300 1310 1321 1360 6300 4200 1110 1321 1330 1325 1326
1321 1325 1323 1325 1324 1325 1310 1321 1321 1540 4300 4200 1321 1321 1321 1321 1321 1321
1321 1325 1326 1360 1340 1321 1330 4400 1321 1325 1360 1321 4200 1220 1321 1325 1321 1325
1321 1350 1321 1250 1323 1520 2100 1323 2200 1321 1600 1321 1321 1321 1321 1321 1321 1321
1321 1325 1321 1325 1360 1321 1321 1321 1321 1321 2200 1321 1321 1321 1321 1220 1321 1325
1321 1321 1325 1360 2500 1360 1323 1321 1321 1360 1325 1321 1325 1325 1323 1325 1321 1325
1321 1325 1326 1325 1310 1321 1321 1321 6400 1321 6200 1321 1321 1321 1321 1321 1321 2200
1321 1321 1250 1250 1110 1321 1330 1560 1321 1310 1600 1325 1321 1600 1325 1321 1321 1310
1321 1321 1325 1323 1321 1326 1325 1321 1325 1321 5300 1321 1321 1321 1321 6400 1321 1321
1321 1325 1325 1325 1326 1322 1340 1321 1321 4200 1321 1321 5500 1321 1326 1321 1321 1321
1321 1321 1325 1310 1321 4100 1321 1325 1321 1321 1321 1321 1321 1321 1321 1321 1321 1325
1321 1321 1323 1220 1323 1321 2200 5500 1321 1321 1321 1326 2100 1323 1330 1321 1321 1321
1321 1325 1321 1326 1110 1322 1110 1326 1323 1321 2200 1600 1321 1321 1321 1321 1510 1321
1321 1326 1323 1323 1321 5300 1321 1321 1325 1321 1321 1325 1310 1321 1310 5500 1325 1321
1321 1360 1324 1240 1321 1321 1400 1321 1321 1350 1321 1230 1230 1323 1325 1321 1325 6400
1321 1323 1325 2400 1321 1325 1321 1325 1230 1360 1360 1323 1321 1321 1325 1321 1321 1321
1321 1230 1360 4200 3400 1540 1323 6200 1321 1323 1600 1326 1110 1325 1321 1321 1321 1321
1321 1321 1326 1325 1321 1323 1324 1360 1323 1321 1325 1321 1325 1230 1360 1360 1321 1321
1321 1322 1321 1325 1321 1350 1323 1350 1321 1321 1323 1230 1110 1321 4200 1321 1325 1321
1321 1340 1325 1321 1325 1321 1323 1321 1324 1321 1325 1324 1324 1110 1321 1324 1321 1240
1321 1321 1325 1321 1321 1321 1323 1321 1321 1230 1326 1325 1321 1321 1321 1321 1321 1321
1321 1321 1326 1325 1324 1110 4200 1360 1325 6100 1220 1321 1110 4400 1321 1321 1250 1250
1321 1321 1321 1321 1321 1323 1340 1321 1321 1321 1321 1321 1321 1321 1321 1321 1321 1321
1321 1360 1260 1325 1110 1321 1110 1321 1325 1325 1321 1321 1325 1321 1325 1321 1321 1321
1321 1326 1322 1310 1321 1321 1150 1260 1321 1321 1321 1321 1321 1321 2200 1360 1321 1321
1321 1325 1321 1321 1321 1310 1600 1321 1321 1325 1321 1321 1321 1321 1530 1321 1325 1321
1321 1321 1321 1321 1321 1321 1321 1321 1230 1321 1321 1220 1321 1326 1325 1350 1321 1310
1321 1321 1325 1310 1321 1321 1321 1321 1600 1321 1321 1325 1321 1321 1325 1321 6200 1321
1321 1324 1310 1160 1321 1325 6400 1321 1240 1350 1323 1220 1350 1350 2600 1321 6200 1550
1321 1321 1325 1321 1321 1321 1321 4400 1321 1321 1325 1360 1321 1321 1360 1510 4200 3400
1321 1321 1240 1321 1321 1321 1321 1520 1600 1321 1321 1326 1530 1325 1323 1325 1321 1321
1321 1321 1325 1321 1321 1220 1321 1326 1110 1325 4200 1321 1321 1326 4200 3400 1220 1330
1321 1220 1230 1360 1325 1140 1326 1321 1326 1321 1321 1600 1321 1321 1360 1240 1230 1110
1321 1321 1350 1321 1325 6400 1321 1321 1321 1600 1321 1321 1321 1600 1321 1321 1321 1321
1321 1325 1321 1510 1130 1321 1323 1330 1321 1321 2600 1230 1230 1360 5500 1260 6400 1321
1321 1326 6300 1360 1321 1350 1321 1321 1321 1321 1321 1510 1322 1321 1321 1321 1321 1321
1321 1325 1321 1321 1321 1321 1326 1325 1350 1321 1321 5500 1325 1220 1330 1321 1321 1321
1321 2200 3100 1560 1321 1321 1321 1600 1321 1321 1321 1326 1321 1321 1321 1321 1321 1321
1321 1321 1321 1325 1321 1321 1600 1321 1326 1321 1326 1321 1326 1321 1326 1321 1326 1600
1321 1321 1321 1321 1321 1321 1326 1350 1321 1321 1321 1560 1321 1321 1321 1321 1325 1321
1321 1321 1325 1230 1321 1321 1321 1321 1325 1321 1325 1321 1321 1321 1321 1321 1321 1321
1321 1325 1323 1321 1520 1326 1321 1325 1321 1321 1326 1321 1325 1325 1220 1321 1321 1321
1321 1325 1360 1510 5200 1321 1220 1321 1321 1600 2500 1321 1321 1600 1321 1321 1325 1321
1321 1325 1326 6400 1321 1321 1321 1321 1600 1321 1321 1321 1321 1321 1321 1321 1321 1321
1321 1321 1325 2500 1321 1520 1260 1321 1325 1600 1321 1325 1150 1360 1321 1321 1321 1321
1321 1250 1325 1321 1325 1330 1360 1321 1323 1325 1325 1321 2200 1321 1600 1600 1321 1324
1321 1325 1321 5500 1321 1360 1600 1326 1240 1321 1321 1321 1321 1321 1321 1321 1321 1321
1321 1220 1321 1324 1325 1323 1323 1321 1325 1321 1326 1400 1323 1321 1324 1321 1600 1323
1321 1325 1321 1321 1321 1321 1321 1321 2600 2200 2600 2200 1321 1321 1321 1321 1321 1321
1321 1321 1323 1360 1325 1321 1321 1321 1321 1321 1321 1321 1321 1321 1321 1321 1321 1321
1321 1321 1325 1321 1321 1323 1325 1326 1321 1321 1321 1321 1360 1130 1326 1325 1360 1321
1321 1326 1360 1530 1321 1321 1321 1321 1220 1323 1321 1325 1321 1321 1321 1321 1321 1321
1321 1325 1321 1321 1321 4400 1321 1322 1325 1321 1321 1326 1321 1321 1325 1360 1321 1321
1321 1321 1325 1230 1321 1321 1321 1321 1321 1321 1321 1321 1321 1600 1321 1321 1325 1321
1321 1321 1350 1321 1321 1321 1321 1321 1321 1321 1600 1321 1321 1321 1321 1321 1325 1321
1321 1321 1321 1326 1321 1321 1321 1321 1321 2600 1321 1321 1321 1321 1321 1321 1321 1321
1321 1325 1326 1360 1325 1350 1220 1321 1323 1220 1323 1321 1321 1600 1350 1321 1321 1321
1321 1323 1323 1360 1321 1321 1321 1560 1340 1340 1321 1321 1321 1321 1321 1321 1321 1321
1321 1322 1110 1322 1321 5200 1240 1321 1350 1321 1340 1321 1321 1510 1326 1321 1321 1230
1321 1325 1325 1321 1321 5200 1325 1321 1321 1321 1321 1321 1321 1321 1321 1325 1321 1321
1321 1321 1321 1321 1321 1321 1321 1321 1321 2600 2200 1321 1321 1321 1310 1310 1321 1321
1321 1330 1321 1325 1510 1326 1321 1360 1325 1321 1325 1321 1324 1325 1326 1321 1321 1321
1321 1321 1321 1321 1321 2200 1230 4100 1321 1321 1350 1321 1325 1323 1325 1323 1325 4200
1321 1321 1220 1321 1326 1400 1321 1323 1324 1310 1340 1321 1321 1550 1321 1321 1321 1321
1321 1325 1325 1350 1323 1321 1310 1400 5500 1326 1250 5200 1321 1321 1360 1510 1322 1340
1321 1325 1325 1325 1326 1323 1325 1350 1325 1321 5200 1325 1325 1321 1325 1321 1321 1321
1321 1325 1325 1324 1325 1321 1321 1250 1324 1540 1321 1321 1326 1325 1310 1321 1321 1321
1321 5500 1510 1322 1560 1321 1321 1321 1325 1600 1321 1321 1321 1340 1321 1321 1325 1321
1321 1321 1321 1600 1321 1321 1321 1330 1321 1360 4200 1322 1321 1321 1600 1321 1321 1321
1321 1325 1321 1325 1510 1322 1321 1321 1310 1321 1321 1321 1330 1321 1321 1321 1321 1330
1321 1325 1321 1321 1323 1321 1321 1321 1321 1321 1321 1321 1325 1321 1220 1340 1321 1321
1321 1323 1321 1325 1321 1323 1321 1360 1510 5200 1321 1321 1321 1321 1321 1220 1330 1326
1321 1323 2500 1323 1350 1321 1321 1321 1325 1321 1350 1321 1321 1600 1325 1330 1321 1321
1321 1110 1325 1321 1323 1323 1360 1325 1323 1321 1321 1325 1321 1321 1321 1321 1325 1321
1321 1330 1326 1323 1360 1321 1240 1321 1321 1321 1321 1325 1321 1321 1321 1321 1321 1321
1321 1321 1321 1321 5300 1326 1321 1321 1321 1321 1325 1321 1321 1321 1321 1321 1321 1321
1321 1325 1321 1325 1321 1321 1325 1220 1326 1321 1325 4200 1321 1321 1321 1321 1321 1321
1321 1325 1323 1321 5300 1321 1321 1321 1321 1321 1321 1321 1321 1321 1321 1321 1321 1321
1321 1321 1250 1520 1325 1321 1325 1323 1520 4200 1350 1323 1600 1325 1321 1325 1323 1520
1321 1325 1324 1600 1323 1323 1325 1321 1310 1400 1321 1323 1350 1321 5500 1510 1322 1321
1321 1321 1321 1321 1321 1321 1321 1321 1321 1321 1321 1321 1321 1321 1321 1321 1325 1321
1321 1321 1360 1510 1322 1321 1321 1321 1321 1321 1321 1321 1325 1321 1321 1321 1321 1321
1321 1321 1323 1323 1600 1321 1321 1321 1321 1321 1321 1325 1321 1321 1321 1321 1325 1321
1321 1321 1325 1321 1321 6400 1321 1321 1321 1321 1321 1321 1321 1321 1321 1520 4200 1321
1326 1323 1250 1110 1560 1321 1310 1321 1325 1321 1321 1321 1321 1600 1321 1321 1321 1321
1325 1325 1321 1360 1321 1321 1321 1321 1321 1321 1321 1330 1321 1321 1321 1321 1321 1321
1321 1321 1321 1321 1321 1600 1321 1325 1321 1321 1321 1321 1321 1321 1321 1321 1321 1321
1321 1321 1321 1220 1321 1324 1600 1321 1321 1326 1321 1321 1325 1230 1321 1321 1326 1321
1321 1321 1323 1323 1325 1230 1321 1326 1321 1140 1400 1321 1321 1321 1330 1321 1326 1325
1321 1220 1321 1325 1321 1323 1321 1325 1321 1326 6200 1321 1325 1323 1321 1321 1321 1321
1321 1321 1323 1321 1326 1321 1325 1321 1325 1321 1324 1321 1325 1600 1321 1325 1326 1323
1321 1325 1325 1326 1324 1321 1321 1321 1321 1321 1321 1321 1321 1600 1321 1321 1321 1321
1321 1325 1321 1325 1321 1321 1325 1321 1326 1321 1321 1321 1321 1321 1321 1321 4400 1321
1321 1325 1325 1324 1325 1323 1323 1325 1321 1321 1360 1510 5200 1325 1310 1321 1326 1321
5152 1321 1321 1321 1340 1321 1321 1321 1321 2600 1321 1321 1321 1330 1321 1321 1321 1321
1321 1321 1321 1321 1322 1321 1326 1321 1325 1321 1325 1321 1321 1321 1321 1321 1321 1321
1321 1325 1325 1326 1321 3300 1323 2500 1350 1325 1350 1325 1321 1321 1321 1230 1321 1321
1321 1321 1325 1321 1240 1321 1326 6200 1321 1321 1321 1321 1321 1310 1321 1321 1321 1540
1321 1360 1325 1322 1321 1321 5300 1321 1321 1321 1321 1321 1321 1321 1321 1321 1321 1321
1321 1325 1230 1325 4300 1360 1323 2600 1220 1220 1326 5200 1360 1325 6100 1325 1321 1321
1321 1325 1321 1325 1325 1321 1325 1321 1330 1230 1560 1310 1321 1321 1321 1321 1330 1321
1321 1325 1325 1321 1321 1321 1321 1321 1321 1321 1321 1321 1321 1321 1321 1321 1321 1321
1321 1321 1321 1321 1321 1321 1321 1321 1321 1321 1321 1321 1321 1321 1321 1321 1230 1321
1321 1321 1321 1321 1321 1321 1321 1310 2200 1321 1321 1321 1321 1321 5300 1326 1321 1321
1321 2100 1321 1321 1321 1321 1310 1321 1321 1321 1321 1321 2500 1321 1230 1321 1321 1321
1321 1325 1321 1321 1321 1321 1321 1321 1321 1321 1321 2400 1321 1321 1326 1321 3300 1325
1321 1321 1321 1321 1321 2200 1310 1325 6400 1321 1321 4400 1321 1324 1310 1220 1321 1321
1321 1325 1326 5200 1325 1321 1325 1324 1324 1323 1110 1321 1325 1321 1321 1325 1323 1321
1321 1321 1321 6400 1321 1321 1321 1325 1321 1321 1600 1321 1321 1321 1600 1321 1321 1321
1321 1321 1350 1321 1310 1540 1350 1323 1321 1520 1130 1321 1324 1321 1321 1600 1330 5500
1321 1325 1321 1326 1510 5200 1130 1321 1321 1321 1324 1321 1600 1350 1330 1321 1321 2600
1321 1321 1325 1323 1325 1321 1321 1321 1321 1321 1325 1321 1321 1321 1325 1321 1321 1321
1321 1325 1325 1325 1321 1321 1240 1321 1321 1321 1321 1321 1321 1321 1321 1321 2600 1321
1321 1360 1325 1360 1321 1321 1321 1325 1325 1323 1325 1321 1321 1321 1310 3100 1560 1321
1321 1325 1321 1325 1321 1326 1140 3200 1400 1160 1510 1321 1325 1310 1220 1400 1600 1325
1321 1321 1326 1325 1350 1325 1321 1321 1321 1321 1310 1325 6400 1321 1321 2600 2200 1321
1321 1325 1325 1321 1326 1321 1321 1321 1321 1325 1321 1324 1323 1230 1323 1321 1325 1321
1321 1323 1321 1321 1600 1321 1321 1321 2500 1230 1130 1321 1325 1321 1321 1321 1310 1323
1321 1321 1600 1321 1321 1323 1321 1325 1321 6200 1321 1321 1321 1321 1321 6200 1321 1230
1321 1350 1321 1324 1321 1326 1321 1321 1321 1321 1321 1321 1600 1321 1321 1321 1321 1150
1321 1321 1321 1350 1321 1325 1321 6200 1321 1321 1321 1321 1321 1321 1321 1321 1310 1321
1321 1325 1321 1325 1325 1321 1323 1321 1324 1310 1321 1321 1600 1321 1321 1321 1321 1321
1321 1323 2500 1110 1321 1324 1321 1321 1321 1326 1321 1321 1321 1324 1600 1326 1321 1321
1321 1321 1321 1321 1321 1321 1321 1321 1321 1321 1321 1321 1321 1321 1321 1321 1321 1325
1321 1325 1321 1325 1323 1325 1321 1321 1321 1321 1321 1321 1321 2600 1321 1321 1321 1321
1321 1325 1325 1326 1321 5300 1310 1321 1321 1321 1321 1321 6200 1321 1321 1321 1321 6200
1321 1325 1326 1324 1321 2200 1321 1321 1600 1321 1321 1325 2600 1321 1321 1230 1321 1321
1321 1321 2200 1400 1321 2600 1220 1321 1324 1110 1321 1323 2500 1323 1321 1323 1321 1321
1321 1325 1325 5200 1325 1321 1325 1321 1325 1600 1325 1326 1321 1321 1321 1321 1321 1321
1321 1360 1325 1350 1325 1321 1325 1360 1510 5200 1326 1321 1321 1321 1321 1321 2200 1321
1321 1321 1321 1321 1321 1321 1321 1321 1321 1321 1321 1321 1321 1321 1321 1321 1350 1321
1321 1325 1321 1325 1321 1321 1220 1323 1326 1325 1321 1321 1321 1321 1324 1321 1321 1321
1321 1325 1325 1325 1325 1325 1325 1321 1321 1321 1321 1321 1321 1321 1325 1330 1321 1321
1321 1326 1321 1310 1323 1321 1600 1326 1321 1600 2600 1230 1321 1323 1230 6300 1321 1220
1321 1350 1325 1321 1325 1323 1350 1323 1510 1325 1323 1325 1324 1323 1600 1321 1321 6400
1321 1321 1325 1325 1326 1321 1321 4200 1321 1321 1330 1321 1321 1321 1321 1321 1321 1321
1321 1321 1321 1322 1360 1326 1150 1321 1321 1321 1250 1324 1230 1350 1321 4200 1322 1321
1321 1322 1321 1600 1325 1325 1323 1110 1321 1130 1321 1321 1321 1321 1321 1321 1321 1321
1321 1321 1325 1360 1321 1321 1321 1321 1321 1321 1321 1321 1321 1321 1321 1321 1321 1321
1321 1325 1326 1321 1321 1321 1321 1330 1321 1321 1325 1321 1321 1321 1321 1321 1325 1321
1321 1324 1323 1321 5300 1325 1321 1321 1240 1321 1321 1323 1323 1360 1326 1323 1323 1321
1321 1323 1150 1360 1310 1360 1321 4200 1326 1325 6100 1325 1321 1325 1325 1321 1321 1400
1321 1321 1321 1321 1321 1321 1321 1321 1321 1321 1330 1321 1321 1321 1321 1321 1321 1321
1321 1324 1110 1322 1321 1325 1321 1324 1323 1323 1600 4200 1326 1321 1310 1310 1150 1350
1321 1321 1325 1321 1325 5200 1326 1321 1321 1321 1321 1321 1321 1321 1220 1321 1321 1321
1321 1325 1325 1321 1325 1321 1326 1321 1321 1321 1325 1321 1321 1321 1321 1321 1321 1321
1321 1325 1326 1321 1321 1250 1323 1321 1310 1325 1321 1324 1540 1325 1330 1321 1321 6200
1321 1325 1321 1325 1321 1326 1325 1250 1325 1326 1321 1321 1321 1321 1325 1540 1323 1321
1321 1360 1321 1321 2600 1360 1600 1321 1400 1321 1325 1321 1340 1321 1321 1321 1321 1321
1321 1321 1600 1321 1326 1321 1321 1321 1600 1321 1321 1600 1321 1321 1321 2600 1321 1321
1321 1321 1325 1220 1340 1321 1321 1321 1321 1321 1321 2400 1321 1325 1321 1325 6400 1321
1321 1321 1240 1321 1321 1321 1326 2100 1350 1321 1321 1321 1321 1321 1321 1321 1321 1321
1321 1323 1326 1321 1321 4200 1321 1321 1321 1321 1321 1321 1321 1321 1321 1321 1321 1321
1321 1325 1325 1326 1323 1321 1321 5200 1321 1321 1325 1321 1321 1324 1321 1321 1321 1323
1321 1321 1326 1321 1120 5400 4300 1321 1321 1326 1321 1325 1321 1324 1321 1321 1321 1600
1321 1360 1321 1321 1321 1321 1325 1321 1321 1560 4200 1310 1321 1321 1310 1325 1321 1326
1321 1325 1323 1220 1326 1321 1310 1110 4200 1230 1110 1310 1321 1321 1321 1321 2500 1600
1321 1325 1323 1220 1326 1321 1321 1321 1326 2100 1321 1220 1321 1321 1321 1325 1321 1326
1321 1325 1325 1326 1322 1321 1321 1321 1325 1530 1310 1321 1321 1325 1321 1321 3100 1321
1321 1323 1325 1321 1220 1324 1323 1520 2100 1323 1600 1325 1321 1325 1321 1323 1325 1325
1321 1360 1321 1321 1321 1321 1600 1321 1321 1321 1321 1321 1321 1321 1321 1321 1321 1321
1321 1360 1350 4400 1321 1325 1325 1324 1321 1321 1321 1321 1321 1321 1321 1321 1321 1600
1321 1321 1323 1230 1325 1322 1325 1321 1324 1321 1321 1323 1323 1350 6400 1324 1600 1321
1321 1321 1326 1110 1322 1325 1230 1360 1360 1326 1150 5500 6400 1330 1360 1321 4200 1323
1321 1321 1325 1321 1321 1240 1260 1321 1321 1321 1325 1321 1325 1321 1321 1321 1321 1325
1321 1360 1360 1321 1321 1360 1325 1321 1325 1321 1321 1321 2200 1321 1321 1400 1321 1321
1321 1310 1340 1321 1321 1321 1321 1600 1326 1321 1325 1321 1321 1321 1321 1326 1321 1325
1321 1350 1325 1324 1321 1325 1321 2100 1321 1600 1323 1323 1325 1323 1330 1323 1325 1325
1321 1325 1325 1321 1325 1230 1350 1321 1325 1325 1325 1321 1321 1321 1323 1321 2600 1324
1321 1321 1321 1321 1321 1321 2600 1321 1321 1321 1321 1321 1321 1321 1321 1600 1321 1321
1321 1325 1325 1325 1360 1325 1360 1360 1350 1325 4300 1310 1321 1321 1321 1600 1321 1321
1321 5500 1260 6400 5100 1220 2600 5500 5400 1321 1110 1325 1321 1321 1321 1321 1321 1321
1321 1350 1323 1325 1321 1323 1324 1325 1230 1326 1325 1321 1325 1321 1321 1323 1323 6400
1321 1321 1325 1323 1325 1321 1325 1321 1326 1325 1310 1321 1321 1360 1326 1140 1323 1321
1321 1323 1321 1321 1321 1321 1321 1230 1321 1321 1321 1321 1330 1321 1321 1321 1321 1321
1321 1321 1325 1360 1321 1321 1322 1321 1321 1321 1321 1321 6400 1321 1321 1321 1330 1360
1321 1325 1325 1325 1325 1321 1325 2500 1321 5100 1325 1321 1323 1321 1326 1325 1321 1321
1321 1560 1321 1321 1321 1321 1321 1321 1321 1321 1321 1321 1321 1321 1321 1321 1321 1321
1321 1325 1240 1350 1323 1325 1321 1325 1325 1323 1325 2500 1323 1321 1321 1321 1321 1150
1321 1350 1321 1321 1310 1321 6400 1321 1321 1325 1321 1325 1325 1321 1321 1321 1321 1321
1321 1321 5500 2500 1321 1321 1321 1321 1321 1321 1321 1321 4400 1600 2600 2200 1321 1321
1321 1321 1321 5300 1326 1321 1321 1321 1600 2600 1330 6100 1400 1600 1110 1321 1325 1321
1321 1323 1326 5300 5200 1310 1321 1321 1321 1321 1321 1325 1600 1220 1330 1321 1321 1600
1321 1350 1323 1325 1240 1350 1110 1321 1324 1110 1322 1321 1325 1321 1321 1321 4200 5200
1321 1321 1325 1321 1321 1321 1321 2200 2600 1321 1321 1321 2600 2200 1321 1321 1400 1321
1321 1350 1321 1321 1400 2600 1326 1150 1110 1321 1325 1321 1321 1325 1321 1325 1321 1321
1321 1325 1321 1325 1321 1325 1360 1321 1325 1321 1325 1330 1321 1325 1321 1230 1321 1321
1321 1321 1325 2500 1321 1323 1323 1323 1323 1321 1600 1326 1321 1321 1321 1321 1325 1321
1321 1325 1323 1321 1220 5500 1321 1326 1600 5200 1520 1321 1220 1321 1326 6400 1323 1321
1321 1325 1600 1321 2600 1600 1321 1321 1600 1321 1321 1321 1321 1321 1321 1321 1321 1330
1321 1321 1250 1326 1321 1310 1510 1326 1321 3300 1323 2500 6400 1325 1323 1323 1220 1321
1321 1321 1321 1321 1322 1325 1520 1325 1321 1321 1321 1360 1321 4400 1321 1321 1325 1321
1321 1325 1321 1321 1321 1321 1321 1321 1321 1321 1321 1321 1321 1321 1321 1321 1321 1321
1321 1326 1323 1323 1360 2500 1321 1323 1323 1600 1321 1323 1220 1323 1321 1321 1321 1230
1321 1360 1321 1321 1321 1326 1321 1220 1220 1321 1321 1321 1321 6400 1321 1321 2200 1323
1321 1325 1325 1321 1326 1323 1230 1110 1400 1325 1321 1321 1325 1360 1520 1325 1360 1230
1321 1325 1321 1323 1310 1321 1321 1321 1321 1540 2600 1321 1600 1323 1220 1321 5500 1326
1321 1360 1321 1326 1326 1323 1321 1325 1230 1321 1350 1321 1325 1324 1325 1240 1350 1360
1321 1350 1323 1220 1323 1325 1323 1230 1110 1321 1330 1560 1321 1360 1321 1321 1323 1321
1321 1360 2500 1323 1321 1321 2300 1321 1321 1321 1321 1321 1325 1321 2200 1325 1321 1326
1321 1400 1321 1600 1350 1260 1321 1321 1321 1600 1325 1321 1330 1321 1321 4200 1325 1321
1321 1350 1323 1321 1323 1326 1323 1321 1250 1250 1326 2600 1321 1321 1360 1321 1321 1321
1321 1325 1321 1600 1321 1325 1321 1325 1321 1323 1321 1321 1321 1321 1321 1330 1321 1325
1321 1350 1321 1322 1321 1340 1340 1321 1321 1325 1321 1321 2200 1321 1321 1321 1321 1360
1321 1360 1323 1325 1321 1321 1325 1321 1321 1321 1321 1321 1321 2500 1325 1321 1321 1600
1321 1325 1325 1520 1322 1321 1110 1400 1230 1110 1321 1310 1321 1325 1321 1321 1321 1321
1321 1325 1323 1323 1310 1321 1321 1321 1520 4200 1321 1321 1321 1600 1321 1321 1600 1321
1321 1360 1321 1321 1325 1321 1325 1326 1321 1321 1321 1321 1321 1321 1321 1321 1321 1600
1321 1325 1325 1323 1323 1323 5200 1325 1325 1360 1360 1321 1325 1321 1321 1321 1321 1321
1321 1325 1321 1325 1321 1321 1325 1325 1321 1321 1321 1326 1321 1321 1325 2600 1321 1321
1321 1321 1321 1321 1560 1210 1321 1321 1321 1321 1520 1321 1326 1325 1321 1321 1321 1321
1321 1324 1324 1323 5300 1326 1321 1321 1321 1520 2100 1323 1321 1600 1120 2500 1110 1322
1321 1322 1321 1321 1321 1321 1600 1360 1321 1321 1321 1321 1600 1321 1321 1321 1321 1321
1321 1325 1326 1250 1321 1325 1330 1321 1321 1322 1321 1321 1321 1321 1321 1321 1321 1321
1321 1325 1323 1325 1326 1321 1325 1326 4300 1321 1321 1321 1321 1220 1220 1321 1321 1325
1321 1360 1321 1322 1310 6400 1321 1321 1321 1321 1321 1321 1321 1330 1330 1321 1321 1321
1321 1321 1321 1321 1321 1321 1321 1321 1321 1321 1321 1321 1220 2600 1321 1326 2500 1321
1321 1321 1324 1325 1326 1250 1325 1321 1321 4200 1326 1324 1321 1321 1325 1321 1321 1321
1321 1323 1321 1326 1321 5300 1325 1321 1321 1324 1540 1360 1321 1326 1321 1330 1321 1321
1321 1321 1323 1325 1321 5200 1520 3400 1220 1220 1323 1330 1321 1326 6200 1321 1220 1325
1321 1321 1321 1321 1325 1321 1321 5600 1321 1321 1540 1321 1310 1360 1324 1326 1321 1321
1321 1321 1321 1321 1540 1520 2400 1321 1400 1321 1321 1325 1321 1325 1360 4100 1321 1321
1321 1350 1323 1321 1325 5300 1130 1323 1323 1240 1360 1321 1321 1360 1321 1321 1321 1325
1321 1321 1600 1321 1321 1600 1321 1230 1321 1321 1321 1321 1321 1321 1321 1321 1321 1321
1321 1325 1321 1321 1321 1321 1321 1321 1321 1321 1321 1321 5300 1326 1321 1360 1330 1321
1321 1350 1325 1323 1324 1323 1324 1323 1321 1321 1321 1323 1321 2200 1400 1321 2500 2300
1321 1325 1325 1321 5500 2500 1321 1321 4400 1325 1321 1325 1321 1321 1321 2600 1321 1321
1321 1360 1321 1321 1360 4100 1321 1326 1321 1323 1540 1321 5300 4200 1321 1220 1325 1325
1321 1324 1321 1321 1321 1600 1321 1321 1321 1321 1323 1321 1321 1323 1321 4400 1321 1321
1321 1321 1321 1321 1600 1321 1321 1321 1321 1321 1120 2500 1321 1321 1321 1321 1321 1321
1321 1600 1321 1325 1321 1321 1321 1321 2200 1120 2500 1321 1321 1230 6300 4200 3400 1540
1321 1250 1325 1323 1325 1321 1325 1360 1321 1323 1321 1323 1325 2600 1321 1321 4100 1321
1321 1325 1325 1321 1324 1510 1325 1250 1325 1323 1220 4300 1321 1321 1350 1323 2500 1110
1321 1321 1325 1321 1325 1330 1323 1321 1330 6100 2200 1321 1321 1600 1321 1321 1321 1321
1321 1321 1360 1240 2400 1321 1325 1326 1360 1326 1250 1321 1360 1321 1360 1321 1326 1321
3400 1323 1325 1326 1324 2500 6400 1323 1323 1323 1324 1325 1323 1325 1325 1323 1325 1321
1321 1321 1324 1325 1321 1240 1321 1325 1321 1321 1220 5300 1310 1321 1321 1321 1600 1321
1321 1325 1321 1325 1321 1325 1321 1323 1360 1350 1321 1325 1321 1325 1325 1321 1330 1321
1321 1321 1321 1321 1321 1321 1321 1321 1321 1321 1321 1321 1321 1321 1321 1325 1321 1321
1321 1321 1321 1323 1325 1360 1321 1321 1321 5500 1321 1321 1321 1321 1321 1321 1321 1321
1321 1326 5500 1310 1340 1321 1110 1325 1360 1321 1360 4200 1350 1321 1325 2600 2200 1600
1321 1325 1220 1321 1321 1326 1321 1321 1321 1321 1321 1325 1321 1330 1321 1321 1321 1321
1321 1321 1323 1321 1325 5500 1310 1360 1326 1326 1150 1350 1323 6200 1321 1321 1323 2500
1321 1321 1325 1321 1321 1321 1321 1321 1325 1321 1330 1321 1321 1325 1321 1326 2100 1321
1321 1321 1321 1321 1326 6300 1321 1321 1321 1321 5300 1321 1321 1321 1321 2100 1321 1321
1400 1321 1360 1323 1323 1321 1326 1325 1322 3100 1560 1321 1321 1321 4400 1321 1321 1321
1321 1325 1323 1321 1321 1360 1321 1140 1321 1321 1321 1600 1321 1321 1321 1321 1321 1330
1321 1325 1321 1321 1321 1321 1321 1600 1321 1321 1321 1321 1321 1321 1321 1321 1321 1321
1321 1321 1326 2300 1321 1310 1600 1321 1321 1321 2200 1321 1321 1321 1321 1321 1321 1321
1321 1321 1321 1321 1325 1326 1321 1321 1321 1326 1321 1321 1321 1321 1321 1321 1321 1321
1321 1220 1220 1323 1323 1510 5300 1340 1321 1321 1321 1321 1321 1321 1321 1321 1560 1321
1321 1350 1325 1322 1325 1321 1323 1323 1325 1230 1110 4200 1360 1360 1360 1220 1360 1230
1321 1321 1325 1321 1326 1325 1520 4200 1310 1321 1325 1150 1321 1321 5500 1321 1321 1321
1321 1321 1323 1325 2400 1321 1325 1321 1323 1360 1326 1150 1321 1321 1321 1321 1321 1321
1321 1360 1321 1321 1310 1340 1321 1321 1321 1321 1321 1321 1321 1321 1321 1321 1321 1321
1321 1322 1110 1321 5200 1326 1321 1321 1325 1321 1321 1321 1325 1321 1321 1321 1321 1220
1321 1321 1325 1326 1321 1321 1321 1230 1321 1321 1321 1321 1321 1321 6400 1321 1321 1321
1321 1325 1326 1360 1321 1321 1321 1321 1326 1321 1321 1323 1321 1321 1321 1321 1325 2500
1321 1325 1323 1323 1321 1323 1360 1325 4300 1321 1321 1321 1321 2200 1321 1321 1321 1321
1321 1325 1323 1350 2200 1321 1321 1340 1321 1324 1325 1321 1321 1321 5600 1321 1321 1321
1321 1326 1360 1321 1310 1540 1520 2400 1321 1321 1326 6200 1321 1321 1321 1321 1321 2300
1321 1322 1110 1340 1321 5200 1360 1325 1321 1321 1350 1321 1321 1321 1321 1321 1321 1321
1321 1321 1321 1321 1321 2200 2600 1321 1321 5600 1321 1321 1321 1321 1321 2500 1600 1325
1321 1323 1325 1325 5300 1130 1324 1325 1321 1240 1260 1321 1321 1325 1323 1325 1321 1120
1321 1321 1325 1340 1510 1310 1340 1321 1321 1321 1321 1321 1321 1321 1321 2600 1321 1321
1321 1321 1325 1325 1321 1321 5500 1326 1321 1325 1321 1326 1325 5300 1325 1321 1321 1321
1321 1321 1325 1326 1321 1310 1360 1600 1321 1321 1321 1321 1321 6200 1325 1321 1321 1321
1321 1321 5500 1510 1310 1340 1340 1321 5200 1325 1110 4400 1321 1325 1323 1323 1321 1325
1321 1321 1325 1321 1325 1321 1321 1321 1321 1321 1321 1330 1321 1321 1330 1330 1321 1321
1321 1321 1325 1325 1326 1140 1323 1520 1330 1350 1325 1321 1325 1321 1330 1330 1321 1321
1321 1321 1323 1360 1360 2400 1321 1321 1325 1360 1321 1321 1250 1324 1326 1323 1321 1325
1321 1321 1325 1360 1321 1321 1321 1321 1560 1321 1321 2200 1321 1321 1321 1321 1321 1321
1321 1321 1321 1325 1325 1321 1325 1325 1326 1140 1325 1360 1600 1350 1321 1321 1321 6400
1321 1321 1350 1321 1321 1321 1321 1321 1321 1321 1321 1325 6300 1321 1321 1321 4400 1321
1321 1321 1560 1310 1326 1321 1326 1321 1321 1220 1321 1325 6400 1321 1520 1260 1325 1110
1321 1360 1321 1321 1321 4200 1326 2300 1360 1325 4300 1321 4200 1321 1321 1321 1321 1321
1321 1325 1323 1325 1326 1150 1360 4200 1140 1321 1321 1321 1321 1321 1321 1321 1321 1321
1321 1323 1325 1321 1325 1321 1325 1325 1321 1321 5300 1321 1321 1321 1321 1321 1321 1600
1321 1325 1321 1325 1321 1326 1325 1321 1360 1321 1325 1321 1321 1321 1325 1325 1321 1321
1321 1321 1325 1321 1325 1321 1325 1321 1321 1321 1321 1321 1321 1321 1321 1321 1321 1321
1321 1360 1321 1321 1321 1321 1321 1321 1325 1321 2200 1321 1321 1600 1321 1321 1321 1321
1321 1321 1325 1325 1323 1321 1325 1321 1240 1321 1321 1321 1600 1600 1321 1321 2200 2600
1321 1321 1325 1321 1325 1321 1321 1321 1321 1321 1321 1321 1600 1321 1321 1321 1321 1321
1321 1321 1321 1321 1321 1321 1321 1321 1321 1321 1321 1321 1321 1321 1321 1325 1321 1321
1321 1230 1110 1321 1325 1321 1330 5500 1321 1321 5300 1321 1321 1321 1321 1600 1321 1321
1321 1326 1323 1325 1326 1323 1600 1326 1321 1325 1325 1321 1325 1321 1220 1230 1110 1321
1321 1322 1110 1340 1321 1360 1325 1323 1350 2600 1600 1326 1323 2600 1321 1325 1230 3400
1321 1325 1326 1323 1325 1350 1321 1323 1325 1321 1321 1325 1321 1321 1325 1350 1323 1325
1321 1321 1321 5200 1321 1321 1321 1321 1340 1321 1321 1321 1321 1321 1321 1325 1360 1321
1321 1322 1110 1321 1321 1326 1360 1321 1326 1325 1220 1360 1325 1321 1321 4200 1321 1321
1321 1325 1321 1325 1325 1326 1321 1322 1510 1322 1321 1325 1321 1321 1321 1321 1325 1321
1321 1325 1600 1350 1321 1321 1323 1321 1321 1321 2600 5500 1321 1321 1321 1321 1321 1600
1321 1325 1323 1520 2400 1321 1325 1350 1325 1360 1240 1321 1323 1321 1325 1324 1325 1110
1321 1321 1325 2300 1321 1325 1321 1326 1325 1321 1321 1321 1340 6400 1321 1321 1321 1321
1321 1321 1321 1321 1321 1321 1321 1600 1321 1321 1321 1321 1321 1321 1321 1321 1321 1321
1321 1325 1325 1326 1321 1310 1400 1321 1550 1321 1321 1321 1321 1325 1321 2200 1321 1330
1321 1325 1321 1325 1321 1321 1321 1310 1325 1321 1321 2600 5500 1321 1321 2600 1321 1600
1321 1350 1323 1321 1321 1321 1321 1321 1325 1230 1110 1321 1130 1321 1321 1310 1325 1220
1321 1360 1321 1321 1321 1325 1321 1321 1321 1321 1220 1321 1321 1323 1321 1325 1321 1321
1321 1325 1321 1326 1325 1321 1321 1321 1321 1321 5200 1220 1321 1325 1600 1321 1325 1360
1321 1325 1325 1321 1321 1321 1540 1326 1321 1321 1321 1321 1321 1321 2200 1321 1321 1321
1321 1230 1360 1360 1321 1325 1321 1321 1325 1325 2600 1321 1321 4100 1321 1326 1321 1110
1321 1321 1324 1321 1321 1600 1326 1321 1321 1325 1321 6200 1321 1321 1321 1321 1321 1321
1321 1323 1350 1323 1325 1324 5200 1240 1360 1310 1321 1325 1321 1321 1321 1321 1321 1321
1321 1321 1321 1325 1520 4300 1321 1321 1323 1321 1325 6400 1321 1321 1210 1400 1321 1321
1321 1323 1330 1321 1326 1400 1321 1323 1321 1321 1321 6400 1321 1321 1600 1321 1321 1220
1321 1325 1323 1321 1321 1321 1321 1321 1321 1321 1600 1321 1321 1321 1321 1321 1321 4400
1321 1325 1325 1325 1321 1325 1325 1324 1110 1110 1321 5200 1321 1326 1321 2200 1330 1323
1321 1321 1325 1321 1323 1326 1321 1321 1321 1321 1321 1321 1321 1321 1321 1321 1321 1321
1321 1325 1250 1325 1321 1325 1350 1321 1325 1325 1321 1325 1321 1321 1326 1321 1326 1321
1321 1325 1325 1321 1321 5300 1321 1321 1321 1321 1321 1321 1321 1321 1321 1321 1321 1321
1321 1323 1325 1326 1322 1321 1325 1220 1321 5200 1220 1321 1325 1321 1321 1310 1310 1321
1321 1323 1323 1325 1321 1325 1321 1325 1322 1324 1600 1321 5200 1321 1325 1321 1325 1325
1321 1250 1325 1322 1340 1310 1321 1321 1310 2600 1321 1321 1321 1321 1326 1330 2600 1321
1321 1325 1325 1321 1325 1150 1360 2300 1324 1321 1326 1140 1325 1330 1321 1321 1321 6200
1321 1360 1321 1360 1360 1230 1110 1325 1325 1321 1321 1321 1326 1321 1321 1321 1321 1321
1321 1321 1325 1321 1110 1321 1321 1321 1321 1321 1321 1321 1325 1321 1321 1321 1326 1321
1321 1321 1321 1321 1325 1600 1321 1560 1321 1321 1321 1321 1321 1321 1321 1325 1325 1321
1321 1325 1325 1325 1321 1325 1323 1325 1220 4100 1321 1321 1600 1321 1321 1321 1321 1321
1310 1323 1324 5300 1326 1321 1321 1321 1600 1325 1600 1325 1325 1321 1325 1321 1520 2100
1321 1321 5500 2500 1350 1323 1325 1350 1323 1323 1321 1321 1321 1600 1321 1321 1321 1321
1321 1321 1325 1321 1325 1325 1325 1325 1321 1325 1321 1326 1325 1326 1321 1321 1321 1321
1321 1321 1326 1325 1321 1321 1321 1321 1240 1321 1326 1321 4200 1360 1360 1220 1321 1325
1321 1350 1323 1310 1160 1324 1310 1326 1230 1326 1600 5500 1326 1321 2500 1350 6400 1321
1321 1325 1326 1325 1350 1360 1540 1250 1325 1321 1323 1325 1326 4400 1321 1323 1325 1321
1321 1321 1321 1400 1321 1321 1600 1321 1321 1321 1321 1321 1321 2600 1350 1321 1321 1321
1321 1322 1321 1325 1310 1321 1400 1321 1321 1321 1321 2600 1321 2600 2200 2600 1600 1530
1321 1321 1323 1323 1321 2200 1321 1321 1321 1321 1321 1321 1325 1330 1321 1220 1321 1321
1321 1321 1321 1321 1600 1321 1321 1321 1321 1321 1326 1321 1321 3200 6400 1160 3100 1400
1321 1325 1321 1325 1321 1325 1321 1240 1321 5200 1520 1321 1330 1230 1321 4400 1600 1321
1321 1325 1326 1360 1325 4300 1325 1321 1325 1321 1321 1321 1325 1321 1120 2500 1350 1321
1321 1520 1260 1360 6400 1323 1325 1321 1240 1350 1160 1325 1321 1325 1325 1321 1325 1324
1321 1230 1321 1325 1321 1321 1321 1324 1321 1120 2500 1321 1325 1326 1325 1321 1321 1321
1310 1323 1520 1130 1350 1400 1324 1321 1250 1324 2500 1350 1325 1321 1321 1321 1600 1350
1321 1326 1150 1321 1321 1324 1321 1240 2300 1324 1321 1321 1240 1321 1321 1321 1321 1325
1321 1323 1321 1321 1325 1321 1321 1321 1321 1321 4400 1321 1321 1325 1321 1325 1321 1321
1321 1325 1321 1325 1323 1360 1325 1520 1530 1310 1210 1321 1321 1321 1321 1321 1321 1321
1321 1350 1323 1321 1321 1321 1321 1321 1321 1321 1321 1321 6400 1321 6400 1321 1321 6400
1321 1321 1321 1321 1321 1321 1400 1321 1321 1324 1110 1321 1230 1321 2600 5500 1321 1321
1321 1325 1325 1324 1323 1321 1326 1110 1322 1321 1321 1325 1321 1321 1140 1325 1150 1321
1321 1520 2100 1323 1323 1326 1310 1310 1600 1321 1321 1321 1321 1326 1321 1321 1321 1321
1321 1325 1321 1323 1323 1520 1530 1321 1323 1325 1323 1321 1321 1321 1321 1321 1321 1321
1321 1325 1230 1321 1326 1325 1324 1110 1322 1321 1110 1321 1321 1321 1326 1321 1321 1321
1321 4100 1321 5500 2500 1321 1350 1325 1321 1600 1323 1321 1325 1360 1321 1321 1323 1324
1321 1321 1325 1321 1321 1321 1321 1260 1325 1321 1325 1325 1325 1350 1350 2500 1325 1250
1321 1323 1321 1321 1321 1321 1150 1324 1323 1323 1321 1321 1350 1350 1322 1325 1321 1321
1321 1321 1325 1600 1321 1510 5200 1321 1325 1321 1321 1321 1321 1324 1321 1220 1326 1321
1321 1324 1321 1321 1321 1321 1321 6400 1321 1321 1321 1330 1350 1321 1326 1325 1520 1325
1321 1325 1325 1326 1140 1326 1360 2300 3300 1350 1323 2500 1350 1321 1310 1400 1330 2600
1321 1321 1250 1325 1321 1321 1321 2200 1321 1321 2100 1321 1321 1321 1321 1360 1310 1321
1321 1322 1321 1325 1321 1321 1325 1321 1321 1321 1321 1325 1321 1321 1321 1321 1360 1321
1321 1326 1360 4100 1321 1321 1321 1600 1321 1321 1321 1230 4100 1321 1321 1321 1321 4400
1321 1321 1325 1323 1323 1321 2200 1325 1321 1240 1321 1321 1600 1321 1321 1321 1321 1321
1321 1325 1360 1321 1321 1321 1340 1150 1321 1321 1321 1321 1321 1321 1321 4400 1321 1321
1321 1325 1326 1110 1322 1325 1324 1321 1325 1325 1323 1325 1321 1120 2500 1350 1360 2300
1321 1325 1110 1322 1321 1321 1310 1321 1550 1321 1321 1321 1321 1321 1321 2400 1321 1321
1321 1321 1321 1321 6400 1321 1325 1321 1326 1321 1321 1321 1321 1321 1600 1321 1321 1321
1321 1325 5500 1510 1310 1340 1321 1325 6100 4300 1340 1310 1340 1321 1560 1325 1330 1560
1321 1325 1325 1326 1110 1560 1321 1310 1310 1321 1600 1325 1110 1321 1400 1321 1321 1321
1321 1322 1110 1321 1325 1321 1560 1321 1321 1230 4100 1321 2600 1321 1310 1600 1321 1321
1321 1323 1325 1321 1321 1321 1325 1321 1321 1324 6400 1321 1321 1321 1321 1600 1321 1325
1321 1321 1250 1323 1321 1323 1350 1325 1321 1325 1325 1325 1321 1321 1321 1600 1325 1321
1321 1325 1321 1325 1321 1321 1322 1323 1326 5200 4200 3400 1540 1323 6200 1321 1324 1325
1321 1321 1325 1325 1326 1323 1321 1326 1110 1325 1325 1321 1325 1230 4100 1321 1321 6400
1321 1324 1323 1323 1323 1325 1326 1325 1230 1110 1322 1325 1360 1321 1321 1325 1326 2500
1321 1325 1321 1321 1321 1321 1321 1220 1360 1321 1325 1321 1321 1325 1321 1321 1321 1321
1321 1350 1260 1340 5400 1324 1323 1323 1321 1321 1350 1260 1325 1321 1321 1325 1600 1321
1321 1325 1321 1325 1321 1326 1325 1321 1325 1321 1321 1350 1321 1325 1321 1325 1350 1323
1321 1326 1325 1321 1325 1321 1323 5300 1325 1321 1325 1321 1325 1321 1400 1321 1321 1240
1321 1321 1325 1321 1325 2300 1321 1325 4400 1321 1360 1110 1322 1321 1321 1321 1321 1321
1321 1321 1321 1321 1321 1321 1321 5300 1321 1321 1321 1321 1321 1321 1321 1321 1321 1321
1321 1350 1323 1324 1323 1520 1325 1323 1110 1322 1321 1250 1325 1324 1325 1321 1321 1321
1321 1321 1325 1230 1250 1321 1326 1325 1321 1321 1321 1321 1325 1150 1321 1321 1110 1400
1321 1321 1321 1321 1321 2600 1321 1321 1321 1321 1321 1321 6400 1321 1321 1321 1321 1321
1321 1321 1321 1600 1321 1321 1321 1321 1321 1321 1321 1321 1321 1321 1321 1321 1321 1321
1321 1321 1323 1321 1510 1325 1321 1325 1325 1220 1321 1321 1321 1321 1321 1321 1321 1321
1321 1325 1321 1321 5300 1325 1321 1321 1325 1326 5200 1326 1325 1321 1330 1321 1321 4200
1321 1321 1325 1325 1110 1325 1360 1321 1140 1330 1321 1321 1600 1321 1321 1325 2100 1321
1321 1325 1600 1321 1321 1321 1321 1325 1321 1321 1321 1321 1321 1321 1321 1321 1230 1321
1321 1323 1325 1326 1321 1310 1210 1321 1321 1550 1321 1321 1321 1321 4400 1321 1323 1360
1321 1350 1323 1325 1321 1321 1321 1321 1350 1350 1323 2500 1321 1323 1323 1321 1325 1321
1321 1325 1325 1350 1321 1325 1325 1350 1321 1326 1325 1330 1325 1325 1230 1321 1325 1325
1321 1321 1325 1321 1325 1321 1325 1321 1325 1321 1350 1321 1360 1321 1321 4200 1140 1220
1321 1325 1323 1310 1160 1321 6400 1321 6200 1321 1321 2500 1321 1326 1325 1520 1400 1360
2600 1110 4400 1321 1321 1325 1325 1325 1321 1325 1325 1326 1110 1560 1360 1230 1321 1323
1321 1325 1321 1321 1321 1321 1325 1321 1321 1321 1321 1321 1321 1321 1321 1321 1321 1321
1321 1321 1250 1321 1321 1321 1321 1321 1325 1321 1321 2100 1321 1324 1321 2200 1321 1321
1321 1321 1321 1321 1321 1321 1321 1321 1321 1321 1550 1321 1220 1321 1321 1321 1321 1321
1321 1325 1230 1360 1360 1360 1321 1321 1325 1360 6200 1321 1321 1400 1321 4200 1323 1321
1321 1321 1325 1321 1325 1323 1323 1360 1325 1350 1321 1325 1321 1321 1321 1321 1321 1321
1321 1321 1321 1321 1321 1310 1321 1321 2600 1321 1600 1326 1321 1321 1321 2200 1321 1321
1321 1321 1321 6400 1321 1321 1321 1321 1321 1321 1321 1321 1321 1321 1321 1600 1321 1321
1321 1321 1321 1321 1321 1321 1325 1321 1321 1321 1321 1321 1321 1540 1321 1321 1321 1324
1321 1321 1321 1321 1321 1321 1321 1321 1321 1220 1321 1321 1321 1321 1321 1321 1321 1321
1321 1325 1325 1325 1321 3200 1110 1400 1160 1360 1325 1325 1321 1325 1325 1321 1321 1325
1321 1321 1325 1321 1321 1321 1600 1321 1321 1321 1321 1321 1321 1321 1321 1321 1321 1321
1321 1321 1325 1321 1321 2200 2600 1321 1321 1310 1321 1321 1321 1321 1321 1321 1321 1321
1321 1323 1360 1326 1360 1325 1321 1400 4200 1323 1321 1323 1321 1326 1325 1321 1220 1321
1321 1325 1326 1323 4100 1321 1140 1321 1321 1326 1321 1326 1325 1321 1520 1321 1321 1321
1321 1321 1321 1321 1321 1600 1321 1321 1600 1321 1330 1321 1321 1321 1321 1321 1321 1321
1321 1325 1325 1321 1325 1360 1321 1321 1321 1321 1321 1321 1321 1321 1360 1321 1350 1321
1321 1321 1326 1530 1310 1321 1321 1400 1600 1330 1321 1321 1321 2600 1220 5300 1326 1321
1321 1326 1321 1310 1324 1325 1326 1340 5400 4300 1310 1321 1325 1321 1220 1325 1326 1321
1321 1321 1350 1321 1400 1321 1600 1321 1321 2600 1323 1321 1325 1230 1360 1324 1321 1321
1321 1321 1310 1400 1321 2600 2200 1321 1321 6400 1321 1321 1321 1321 1321 1321 6400 1321
1321 1360 1240 1520 1130 1350 1321 1326 1325 1350 1330 1321 1321 1321 1324 1321 1325 1321
1321 1321 1600 1321 1321 5500 1321 1321 1321 1321 6200 1321 1321 1321 1600 1321 1321 1321
1321 1321 1230 1110 1350 1325 1321 1325 2600 1321 5300 1326 1321 1321 1321 1321 1321 1321
1321 1323 1325 1323 1323 1325 1325 1325 1326 1322 1321 1321 1321 1321 2600 1321 1321 1323
1321 1326 1324 1321 1600 1323 1321 4400 1321 1321 1321 1520 1321 2600 1321 1321 1321 1321
1321 2200 1540 1600 1321 1325 1324 1321 1321 1321 2200 1360 1321 1323 1321 1321 1330 1321
1321 1325 1325 1321 1240 1321 1321 1360 1321 1321 1321 1321 1325 1321 1321 1321 1321 1321
1321 1321 1325 1325 1321 1325 1600 1323 1310 1321 1321 1321 1325 1321 1321 1321 1321 1600
1321 1321 1321 1310 1325 1325 1323 1600 1325 1321 1321 1321 2100 1321 1324 1321 1323 1230
1321 1321 1324 1321 1600 1326 1321 1321 1321 1321 1321 1600 1321 1321 1321 1321 1330 1350
1321 1321 1250 1325 1360 1325 5300 1325 1321 1321 1326 1321 1321 1321 1321 1324 1600 1321
1321 1323 1322 1321 1326 1325 1321 1325 1324 1321 1321 5300 1326 1321 2600 1321 1321 1326
1321 1325 1325 1321 1321 1321 2600 1321 1321 1321 1321 1321 1321 1321 1550 1321 1310 1321
1321 1321 1325 1540 1350 1321 1321 1321 1321 1321 1321 1321 1321 1321 1321 1600 1321 1321
1321 1321 1321 1325 1230 1325 1321 1321 1321 1321 1321 1321 1321 1321 1321 1325 1140 1323
1321 1321 1325 1326 2100 1321 1321 1321 6200 1321 1321 1321 2200 1321 1321 1321 1321 1321
1321 1325 1326 1321 1321 1321 1321 1321 1326 1321 1321 1321 1321 1321 1321 1321 1321 1321
1321 1321 1321 1321 1400 1325 1321 1325 6400 1321 1321 1321 1600 1321 1321 1321 1321 1321
1321 1350 1325 1350 1323 1323 1321 1321 1321 1321 1230 5200 1220 1360 1360 1260 1310 1321
1321 1350 1323 1321 1323 1323 1600 1325 1321 1321 2600 1230 1323 1321 1321 1600 5500 1321
1321 5300 1325 1321 1321 1350 6400 1321 1323 1220 4300 1321 1321 6400 1321 1600 2600 1324
1321 1350 1321 1321 1230 1110 1321 1325 1321 1321 1321 1321 1321 1321 1321 1321 1325 1321
1321 1321 1323 5300 5200 1321 1220 1220 1321 1321 5500 1321 1325 1600 1321 1325 1323 1321
1321 1325 1323 1325 1600 1321 1325 1325 1321 1321 1321 1321 1321 1321 1321 1321 1321 1321
1321 1321 1325 1323 1321 1321 1321 1321 1321 6200 1321 1321 1321 1321 1321 1321 2200 1220
1321 1325 1325 1230 1110 1325 1360 1230 1321 5200 1325 1321 1325 1321 1321 1321 1321 1321
1321 1325 1325 1220 1350 1323 2600 1321 1321 1321 1321 1240 1260 1321 1321 1325 1600 1321
1321 1325 1323 1323 1325 1321 1321 1600 1321 1321 1230 1360 1321 1321 1321 2300 1540 1325
1321 1323 1323 1520 2100 1600 1321 1325 1110 1322 1321 1321 1321 1321 1321 1321 1600 1325
1321 1321 1325 1321 1321 1321 1321 1321 3100 1560 1321 1321 1321 1321 1321 1321 6400 1321
1321 1400 1326 1110 1360 2500 1323 1600 1321 5500 1330 1321 1321 1550 1321 1325 1321 1321
1321 1325 1325 1321 1321 1321 1321 1325 1325 1321 1321 1321 1321 1321 1321 1321 1321 1321
1321 1321 1321 4200 4200 1310 1321 1560 1360 1326 1150 1321 1321 1325 1321 1325 1321 1321
1321 1324 1325 1323 1325 5300 1130 1220 1321 1321 1350 1321 1321 1600 2600 1321 1321 1321
1321 1321 1325 1510 4200 1350 1160 1321 1325 1321 1324 6400 1321 1323 1220 1321 1321 1326
1321 1321 1325 1323 1520 2100 1323 1321 1600 1326 1321 1325 1321 1325 1321 1325 1321 1321
1321 1325 1321 1325 1321 1600 1326 1321 1325 1325 1321 1321 1321 1321 1310 1321 1321 2100
1321 1325 1321 1325 1323 1325 1326 5300 1326 1321 1321 1360 1323 1325 1321 1321 1360 1325
1321 1321 1321 1321 1321 1321 1321 1330 1350 1321 1321 1310 1321 1321 1321 1321 1600 1321
1321 1325 1323 1321 1330 1321 5500 2500 1321 1325 1321 1321 1340 1321 1321 1321 1321 1321
1321 1325 1321 1400 1321 1325 1321 1220 1326 1321 1325 1321 1321 1600 1321 1321 1321 1321
1321 1325 1323 1310 1321 1321 1321 3100 1560 1321 1321 1321 1321 1321 1321 1325 1321 1321
1321 1326 1326 1360 1321 1321 1321 1321 1540 1321 5200 1325 1325 1321 1323 1321 1321 1321
1321 1321 1325 1321 1321 1321 1324 1323 1321 1325 1321 6200 1321 1321 1321 1321 1600 1321
1120 1160 1326 1321 1325 1324 1325 1326 1520 4200 1110 1322 1321 1325 1321 1325 2500 1325
1321 1324 1321 1321 1323 6400 1321 2200 1321 1321 1321 1321 1321 1321 1600 2600 1321 1321
1321 1325 1321 1321 1321 1321 1321 1600 1321 1321 1321 1321 1321 1321 3100 1560 1321 1321
1321 1325 1325 1326 1321 1325 1321 1326 1325 1325 1321 1321 1321 1321 2600 1360 1350 1160
1321 1325 1220 1326 1323 1325 1600 1360 1325 1310 1321 1321 1321 1321 1321 1321 1321 1550
1321 1321 1326 1360 1321 1321 1321 4200 1326 1321 1321 1321 1321 4200 1321 1321 1321 1321
1321 1321 1325 1230 1325 1321 1230 1110 1321 1325 1321 1321 1321 1560 1360 1321 1325 1321
1321 1325 1325 1360 1326 1600 1360 1325 1325 1321 1360 1321 1323 1310 1321 1321 1321 1321
1321 1325 1325 1323 1321 1326 4200 1326 1325 1321 1321 1321 1325 1321 1220 1310 1600 1321
1321 1340 1510 1322 1322 1321 1350 1321 1326 6300 1321 1325 1325 1321 1325 1321 1360 1325
1321 1325 1326 1140 1321 1321 6400 1321 6200 1321 1321 1330 1321 1321 1321 1326 1321 1326
1321 1325 1325 1321 1323 1360 1321 1321 1325 1321 1325 1325 1325 1330 1321 1321 1321 1321
1321 1325 1326 4400 1321 5200 1326 1321 1321 1321 1321 1310 1321 1321 1321 1321 1321 1600
1321 1321 1510 1322 1321 1325 1325 1326 1321 1321 1321 1321 1321 1321 1321 1321 1321 1321
1321 1321 1325 1325 1321 1325 1230 1321 1321 1321 1321 1325 1325 1321 1321 1321 1321 1321
1321 1230 1326 1323 2500 1321 4200 1323 1325 1230 1350 1323 2600 1230 1323 1325 1323 1321
1321 1325 1325 1323 1230 1360 1323 1220 1326 1321 1325 1321 1321 1540 1220 4200 1326 1325
1321 1360 1321 1321 1321 4200 1321 1326 1360 1321 1326 1321 1321 1330 1321 1321 1321 1321
1321 1324 1110 1322 1340 1260 6400 1360 1360 5112 1330 1321 1321 1321 1321 1321 1321 1321
1321 1321 1321 1310 1600 1321 1321 1321 1321 1321 1321 1321 1321 1321 1321 1600 1321 1321
1321 1321 1321 1321 1321 1321 1321 1321 1321 1321 1321 1321 1321 1321 4400 1321 1230 1325
1321 1325 1325 1230 1321 1321 1350 6400 1321 1325 1230 1321 1321 1321 1321 1321 6200 1321
1321 1323 1520 2400 1321 4200 1326 1325 1321 1325 1321 1321 1325 1321 1325 1350 1321 1360
1321 1325 1321 1321 1321 6400 1321 1321 1321 1321 1321 1321 1321 1321 2600 1230 1321 1321
1321 1325 1325 1250 1325 1325 1321 1350 1321 1321 1325 1321 1326 1321 1321 1321 1321 4400
1321 1250 1323 1325 1321 1325 1325 1360 1325 1321 1325 1324 1321 1325 1360 1230 1360 1360
1321 1360 1321 5300 4400 1321 1325 1321 1325 1321 1325 1260 1325 1325 1321 1321 1325 1321
1321 1321 1220 1325 1323 1321 1321 1321 1321 1321 1321 1321 1321 1321 1321 1321 1321 1321
1321 1325 1325 1323 1325 1326 1323 1325 1323 1310 1326 1321 1326 1321 1326 1321 1326 1321
1321 1325 1321 1325 1321 1325 1321 5200 1321 1321 1324 1324 1323 1321 1321 1323 1321 1321
1321 1310 1110 4200 1321 1325 2600 1321 1323 1325 2600 1321 1321 1321 1321 1600 1321 1321
1321 1326 1323 1321 1321 1321 1600 1321 1321 1321 1321 1321 1321 1321 1321 1321 1321 1321
1321 1323 1350 1321 1321 1326 1321 1326 1325 1321 1325 1350 1323 2500 1323 1325 1321 1321
1321 1360 1325 1321 1321 1321 1321 1321 1321 1321 1321 2600 1321 1324 1321 1600 1323 1323
1321 1325 1321 1325 1321 1321 1600 1600 1321 1321 1321 1321 1321 1321 1321 1321 1321 1321
1321 1321 1323 1360 1326 1325 1350 6100 2500 1350 1323 1600 1326 1323 2500 1350 1323 1520
1321 1325 1350 1110 1322 1340 1340 1260 5300 1326 4300 4300 1321 1325 1321 1325 1321 1321
1321 1321 1325 1600 1325 1321 1321 1120 2500 1321 1321 1310 1321 1324 1600 6200 1321 1321
1321 5500 1260 6400 1360 1321 1520 1530 1326 1321 1321 4200 1350 1330 1321 2600 1600 1326
1321 1350 1260 4300 1321 1321 1325 1323 1323 1325 1323 1321 1325 6400 1321 1240 1321 1321
1321 1323 1325 1325 1326 1321 1325 1321 1321 1321 1321 1321 1321 1321 1321 1321 1321 1321
1321 1323 1321 5300 1130 1321 1340 1340 1321 1360 1360 1321 1321 1325 1321 1321 1321 1321
1321 1321 1325 1321 1325 1321 1325 1321 1326 2100 1321 1321 1310 1360 1510 1326 1322 1321
1321 1321 1323 1321 1324 1323 1520 1350 1160 1321 1321 1321 1325 1360 1321 1325 1321 1321
1321 1321 5500 1325 1350 1325 1323 5500 1510 1130 1324 1600 1321 1323 1220 1350 1350 1325
1321 1324 1321 1321 1321 1321 1600 1321 1330 6100 2200 1321 1321 1321 1600 6400 1321 1360
1321 1321 1325 1325 1326 1150 1110 1321 1324 2600 1321 1325 1150 1230 1110 4400 1321 1321
1321 1321 1325 1321 1321 1321 1321 1323 2500 1324 1324 1310 1321 1321 1324 1321 1321 2200
1210 1400 1321 4200 1600 1321 1325 1325 1325 1321 1321 1321 1321 1321 1321 1321 1325 1321
1321 1325 1321 4400 5500 1260 6400 1321 6400 1321 6400 1321 1321 1321 1550 1321 1400 1324
1321 1321 5500 2500 1260 1321 1325 1323 1325 1321 1321 1321 1600 1321 1321 1321 1321 1325
1321 1324 1110 1322 1321 1325 1321 5200 1321 1321 1321 1321 1321 1321 1321 1321 1321 1321
1321 1230 1321 1321 1321 1321 5300 1326 1321 1321 1325 1321 1600 1321 1321 1321 1321 1321
1321 1325 1326 1510 1326 1360 1510 1310 1321 1560 1326 1321 1325 1321 1325 1321 1321 1325
1321 1350 1321 1326 1510 1323 1360 1360 1110 1321 1325 1321 1321 1321 1321 1321 2500 1321
1321 1326 1325 1321 1325 1325 1325 1323 1325 1324 1310 1326 1321 1250 1326 1321 3300 2500
1321 1321 1321 1310 5300 1400 1360 1510 1325 1310 1321 1210 4200 1321 1321 1325 1321 1321
1321 1321 1321 1321 1323 1321 1325 1350 1321 1326 4400 1321 1321 1360 1321 1321 1321 5100
1321 1321 1321 1321 1321 1321 1321 1321 1321 1321 1321 1321 1321 1321 1220 1321 1321 1321
1321 1321 1325 1250 1325 1321 3200 1400 1160 1510 1321 1325 1310 1321 1325 1325 1321 1321
1321 1325 1326 1321 1310 1340 1321 1321 1321 1321 1321 1321 1321 1321 1325 1325 1321 1325
1321 1321 1600 1321 1321 1323 1321 1325 1321 1321 1310 1360 1510 1322 1321 1321 1321 1325
1321 1322 1400 1110 1325 1321 6100 6400 1600 1323 1330 1321 1321 1321 1321 1325 1321 6200
1321 1321 1325 1325 1321 5300 5200 1321 1321 1321 1321 1321 1321 6200 1321 1321 1321 1325
1321 1321 1325 1321 1324 1321 1323 1250 1321 1321 1321 1321 1321 1600 1321 1321 1600 1321
1321 1321 1325 1321 1325 1321 1325 1323 1325 1530 1310 1321 1321 1321 1321 6200 1321 1321
1321 1350 1323 1323 1321 5200 1325 1325 1350 1324 1510 1130 1324 1540 1321 1321 1321 1321
1321 1325 1325 1326 1360 1321 1321 1326 1325 1220 1323 1325 1321 1321 1321 1326 4200 1350
1321 1324 1325 1321 1600 1321 1321 1321 1321 1321 1550 1321 6400 1321 2100 1321 1324 1321
1325 1323 1321 1321 1325 1230 1321 1321 1321 1321 6200 1321 1321 1321 1321 1321 1321 1220
1321 1325 1325 4400 1321 1325 1321 1325 1321 1323 1510 1326 1360 1325 1321 1321 1321 1350
1321 1324 1360 1360 1321 1140 1325 1600 1321 1321 1321 1321 1321 1321 1321 1321 1321 1321
1321 1325 1325 1326 1321 1110 1325 1321 4200 1360 1321 1220 1323 1321 1321 1321 1325 1321
1321 1325 1325 1325 1321 1325 1321 1325 1321 1350 1400 1321 1323 6400 1321 1321 1321 5600
1321 1321 1325 1540 1360 1321 1326 1321 1321 1321 1321 1321 1321 1321 1321 1321 1321 1321
1321 1321 1325 1321 1350 6400 1321 1321 1323 1321 6200 1321 1321 1321 1230 1321 1321 1321
1321 1325 1325 1326 1322 1310 1210 1400 1600 2500 1323 1600 1321 1321 1600 1321 1321 1600
1321 1325 1325 1326 1321 1321 1321 1321 5500 1321 1321 1321 1321 1321 1321 1330 1321 1321
1321 1321 1325 1324 1325 1321 1520 1260 1321 1323 1321 1360 1324 1321 1321 1400 1321 1322
1321 1321 1321 1321 1321 1323 1321 1326 1321 1326 1321 1325 1321 1321 1600 1321 1321 1321
1321 1321 1325 1325 1321 1326 1321 5300 1321 1321 1321 1321 1321 1321 1321 1321 1321 1321
1321 1323 1325 1321 1310 1325 6400 1321 1323 1323 1350 1600 1321 1325 1321 1325 1321 1321
1321 1321 1325 1150 1323 1325 1325 1325 1321 1321 1321 1321 2500 1323 1230 1350 1323 2500
1321 1510 1326 1330 1360 2500 1325 4200 4200 1321 1360 2300 1321 1330 1321 1321 1321 1321
1321 1321 1321 3200 1400 1510 1321 1560 1310 1360 1510 1326 1321 1321 1325 1321 6200 1321
1321 1321 1325 1325 1326 1321 1326 1150 1321 1321 1321 1360 1326 1325 1321 1325 1321 1220
1321 1323 1321 1520 1260 1400 1325 1325 1321 1520 1322 1321 1310 1600 1400 1600 1325 1321
1321 1321 1321 1321 1326 2500 1321 1321 1510 1140 1321 1325 1321 1325 1330 1360 1321 3300
1321 1321 1110 1321 1321 1325 6400 1321 1325 1321 1321 1321 1321 1321 1321 1220 1321 1321
1321 1321 1250 1325 1326 1321 1321 1321 1321 1321 1600 1321 1321 1321 1321 2100 1321 1325
1321 1325 1324 1321 1321 1321 1321 1120 2500 1321 1321 1340 1321 1321 1321 1321 1321 1325
1321 1325 1326 2500 1321 1326 1310 1321 1510 1260 6400 1321 1321 6200 1321 6400 1321 1321
1321 1321 1321 1321 1321 1321 1321 2100 1321 1321 1325 1321 1321 1321 1321 1321 1600 1321
1321 1325 1325 1326 1325 1326 1323 1321 1323 1326 1321 1323 1321 1325 1325 1330 1360 1350
1321 1325 1323 1321 1321 1321 1321 1326 1321 1220 1321 1321 1321 1321 2200 1321 1321 1321
1321 1325 1325 1321 1321 1321 1321 1325 1321 1325 1321 1321 4400 1321 1321 1325 1150 1360
1321 1321 1310 1321 1326 1321 1326 1600 1326 6200 1321 1321 1321 1321 1326 1321 1321 5500
1321 1321 1321 1321 1321 4400 1321 1321 1310 1540 1326 1321 1321 1321 1321 1600 1321 1321
1321 1325 1321 1326 6300 1321 1325 1321 1325 1230 1325 1220 1350 1325 1321 1321 1321 1321
1321 1321 1321 1321 1600 1321 1321 1510 1326 1321 1321 1321 1321 1321 1321 1321 1321 5300
1321 1321 1321 1321 1600 1321 1321 1321 1321 1321 1321 1321 1321 1321 1321 1321 1325 6400
1321 1350 1325 1321 1321 1323 1323 1230 1110 4200 1130 1325 1321 1321 1325 1321 1321 1230
1321 1323 1325 1321 1321 1400 1321 1321 1321 1326 1321 1321 1321 1325 1321 1324 6400 1321
1321 1325 1325 1326 1110 4400 1321 1360 1321 1325 1321 1321 1325 1321 1321 1321 1340 1310
1321 1321 1321 1321 1360 1324 1321 1326 1321 1321 1325 1321 1326 1321 1326 1321 1310 1540
1321 1325 4300 1321 1325 1360 1321 1321 1321 4200 1321 1321 1321 1321 1321 1321 1325 1321
1321 1321 1325 1325 1326 1324 1323 1323 1321 1600 1321 1600 1321 1321 1321 1600 1321 1321
1321 1325 1326 1324 1321 1325 1360 1321 1321 1325 1330 6100 2500 1321 1322 1325 1321 1321
1321 1321 1323 1321 1321 1321 1321 1321 1321 1321 1321 1321 1321 1321 1321 1220 1321 1325
1321 1322 1321 1240 4100 1321 1321 1321 1323 1324 1323 1323 1323 1321 1321 1321 1321 1600
1321 1321 1321 1321 1324 1600 1321 1321 1321 1321 5500 2500 1321 1321 1321 1600 1321 1321
1321 1325 1323 1325 5300 5200 1321 1110 1326 1321 1325 1360 1325 4300 1321 2300 1321 1321
1321 1220 1323 1323 1321 1240 1260 1321 1321 1321 1321 1321 1321 1600 1321 1321 1325 2600
1321 1321 1326 1325 1240 1350 1321 1325 2500 1260 1325 1400 1323 1310 1321 1600 1600 1325
1321 1110 1325 1325 1350 1325 2600 1321 1321 1323 1350 1323 1321 1350 1323 1321 6200 1321
1321 1350 1323 1323 1110 5200 1321 1220 1321 1321 1321 1321 1321 1321 1321 1321 1600 1321
1321 1325 1325 1326 1321 1321 1360 5300 1321 1321 1325 1330 1321 1325 1321 1325 1321 1220
1321 1323 1325 5300 1326 1321 1350 1323 1321 1321 4400 1321 1321 1321 1324 1600 1321 1321
1321 1220 1321 1321 1321 1230 1321 1321 1321 1321 2200 5500 1321 1310 1321 1321 1321 1321
1321 1325 1321 1325 1321 1325 1321 1250 1520 1326 1326 1321 1360 1321 3300 1321 1321 1321
1321 1321 1321 1310 1600 1321 1321 1321 1321 1321 1321 1321 1321 1321 1321 1321 1321 1321
1321 1321 1325 1310 1321 1310 1321 1321 1321 1321 1600 1321 1560 1321 1321 1321 1321 1600
1321 1321 1360 1321 5100 1325 1326 1321 1310 1210 1321 1321 1321 6400 1321 1321 1321 1321
1321 1325 1325 5200 1325 1325 1326 1325 1321 1321 1321 1321 1321 1323 1321 1321 6400 1321
1321 1321 1325 1321 1325 6400 1321 1324 1600 1321 1325 1600 1321 1321 1321 1321 1326 1321
1321 1323 1325 1600 1325 1150 1360 1321 1321 1325 1321 1324 1325 1321 1321 1230 4100 1321
1321 1324 2200 1325 1325 1600 1326 1325 1323 1321 1360 1326 1220 1330 1321 1321 1321 1310
1321 1360 1330 1321 1321 1321 1321 1321 1321 1321 1321 1321 1330 1330 1321 1321 1600 1321
1321 1325 1325 1240 1321 1321 1230 1360 1321 1360 1321 1360 1321 1321 1321 1310 1325 1321
1321 1321 1325 1321 1325 1325 1325 1321 1325 1321 1321 1321 6400 1321 1321 1321 1321 1321
1321 1321 1321 1321 1321 1321 1325 1321 1321 1321 1321 1230 1321 1321 1321 1321 1321 1321
1321 1325 1325 1321 1325 1321 1510 1322 1321 1321 1321 1321 1325 2500 1321 1321 5300 1326
1321 1321 1323 1220 1323 1326 1321 1321 1321 1321 1321 1321 1321 1321 1321 1321 1321 1321
1321 1324 1321 5500 1510 1322 5200 1310 1310 1326 1330 1321 1321 1600 1330 1321 1600 1321
1321 1325 1325 1323 1325 1321 1326 1325 1150 1360 2600 1325 1323 1325 1350 1321 1325 1321
1321 1321 1326 1325 1326 1325 1110 1322 1321 1325 2400 1323 1324 1321 1600 1323 1240 1360
1321 1325 1325 1324 1321 1321 1326 1321 1321 2600 2200 1340 1321 1321 1325 6400 1321 1321
1321 1325 1325 1360 1321 1321 1360 1321 1400 1323 1321 1360 1110 1321 1325 1321 1321 1321
1321 1325 1321 1325 1325 1321 1325 1360 1325 6100 1325 1321 1321 1321 3100 1321 1325 1321
1321 1321 1600 5500 1321 1321 1325 1321 1321 1325 1321 1321 1321 1321 1600 1325 1321 1321
1321 1324 1600 1321 1321 1321 1600 1600 1321 1321 1321 1150 1230 5200 1325 1325 1325 1321
1321 1323 1321 1220 1230 1321 1321 1326 1321 1326 1140 1321 1326 6400 1321 1321 1600 1321
1321 1325 1325 1325 1323 1325 1321 1321 1321 1322 1321 1321 1321 1321 1321 1321 1321 1321
1321 1325 1321 1325 4200 5200 1220 1326 1325 1321 1321 1325 1321 1321 1321 1325 1321 1321
1321 1323 1324 1325 5200 1325 1321 1325 1326 5300 1510 1326 1321 1321 1321 1325 1321 6200
1321 1325 2200 1321 1326 1321 1321 5500 6400 1321 1321 1321 1321 1324 6400 1321 1321 1240
1321 1321 1325 1321 1321 2200 2600 1600 1321 1321 1321 1321 1340 1321 1321 1321 1321 1321
1321 1325 1323 1321 1325 1321 1220 1321 5200 1326 1321 1321 1321 1321 1550 1321 1321 1321
1321 1350 1325 1350 1323 1110 1400 1130 1321 1321 1540 1326 2100 1325 1321 1321 1321 1321
1321 1340 1310 1340 1510 6400 1560 1310 3100 1130 2400 1325 1321 1325 1321 1325 1325 1321
1321 1230 1326 1322 1310 1321 1600 1321 1321 1321 1321 1321 1321 1321 1321 1150 1360 3100
1321 1325 1326 1325 1326 1321 1400 1325 1110 1321 1110 1326 1321 1325 1325 1321 1325 1350
1321 1325 1360 2500 1323 1350 1350 4300 1321 1321 1321 1321 1321 1321 5100 1321 1321 1600
1321 1323 1325 1326 1321 1321 1321 1220 1324 1310 1321 1321 1330 1321 1330 1321 1321 1321
1321 1323 1323 1323 1321 1326 1520 2400 1321 1326 1360 1325 1321 5100 1325 1330 1321 1325
1321 1321 1321 1321 1600 1321 1321 1321 1321 1600 1321 1321 1321 1321 1321 1321 1321 1321
1321 1321 1321 1350 1322 1322 1321 1321 1600 1321 1321 1321 1321 1310 1325 1330 1321 1321
1321 1321 1321 1321 1340 1321 1321 1321 1321 1321 1321 1321 1330 1321 1321 1324 1321 1321
1321 1360 1326 1150 1110 2100 1324 1321 1325 1230 1321 1323 1510 1325 1360 1360 1321 1321
1321 1325 1325 1321 1325 1321 1326 1325 1321 1321 1321 1321 6400 1321 1321 1321 1321 1321
1321 1321 1325 1321 1321 1321 1600 1321 1321 1321 1321 1321 1321 1321 1321 1321 1321 1321
1321 1325 1325 1321 1310 1321 2200 1321 1321 1321 1321 1321 2200 1321 1321 1321 2600 1321
1321 1321 1321 1120 2500 1321 1325 1321 1321 1321 1240 1321 1321 1230 1321 1321 1321 1321
1321 1325 1110 1325 1360 1325 1350 1325 1350 1321 1325 1325 1323 1325 1321 1321 1321 1325
1321 1360 1325 1321 1321 1321 1321 1321 1321 1321 1321 1321 1321 1321 1360 1321 1321 1230
1321 1321 1325 1321 1324 1321 1321 1321 1600 1321 1321 1150 1321 1310 1310 1321 1321 1321
1321 1325 1321 1325 1600 1321 1324 1321 1323 1321 1321 1321 6400 1321 1321 1321 1321 1321
1321 1325 1321 1323 1150 1360 1325 1220 4300 1321 1321 1321 1325 1321 1321 1321 1350 1325
1321 1325 1323 1321 1325 1321 1326 1323 1325 2500 1323 1321 1321 1321 2100 1321 1323 1325
1321 1321 1325 1321 1321 1322 1324 1310 1321 1520 1322 1321 1321 1321 6200 1321 1321 1321
1321 1325 1325 1321 1321 1321 1321 1220 1321 1540 1321 1326 1321 1321 1240 1321 1220 1322
1321 1350 1323 1325 2500 1323 1360 1130 1321 1325 1325 1323 1325 1360 1325 1321 1325 1324
1321 1321 1326 1110 1322 1321 1230 1321 1321 1325 1321 2600 1321 1325 1325 1321 1325 1321
1321 1325 1321 1325 1322 1321 1326 1321 1325 1321 1321 1321 1321 1321 2100 1321 1321 1321
1321 1325 1325 1326 1250 1321 1326 1325 2400 1321 1220 1324 1220 1321 1325 1360 1325 1220
1321 1310 1321 1350 1260 6400 1326 1600 1360 1324 1360 1350 1323 2500 1110 1321 1324 2100
1321 1321 1323 1321 1321 1321 1321 1321 1321 1321 1325 1321 1330 1321 1321 1325 1321 1325
1321 1350 1323 1321 1321 1321 1321 1321 1321 2100 1323 1323 1324 1325 1321 1321 1600 1321
1321 1323 1323 1322 1321 1400 1321 1325 1600 1321 1321 1350 1321 1321 4400 1326 1321 1321
1321 1321 5500 2600 1321 1321 2600 1321 1321 1600 1600 2600 1321 1325 1325 1321 1321 1321
1321 1325 1321 1321 1321 1321 1321 1321 1321 1321 1321 1321 1321 1321 1321 1321 1321 2200
1321 1220 1321 1325 1600 1321 1340 1321 1321 1321 1600 1321 1321 1310 1321 1321 1321 4400
1321 1323 1360 1321 1321 1321 1321 1550 1321 1325 1321 1321 1321 1321 1600 1321 1321 1325
1321 1321 1321 1340 1321 1321 1310 1321 1330 1321 1321 1321 1321 1321 1325 1321 1321 1321
1321 1321 5500 1260 6400 1325 1540 1321 1326 1360 1600 1321 1360 1110 1321 4200 1321 1321
1321 1321 1323 1325 1321 1326 1250 1110 1560 1550 1321 1321 1325 1321 1326 1321 1325 1325
1321 1324 1325 1326 1324 1325 1322 1350 1321 4200 1323 1325 1230 1325 4300 1310 1321 1321
1321 1324 1321 1321 1600 1321 1321 2500 1321 1325 1600 1321 1321 1321 1321 1321 1321 1321
1321 1324 1310 1326 1250 1350 1323 1321 1321 1350 1325 1321 1325 1321 1326 1110 1321 1310
1321 1321 5500 1330 1321 1321 1321 1321 1325 1321 1321 1321 1321 1600 1330 1321 1321 1321
1321 1325 1325 1326 1510 1400 1230 1321 1325 1321 1321 1321 1321 1321 1321 1321 1321 1321
1321 1325 1325 1325 1250 1325 1321 1321 1321 1321 1321 1321 2100 1321 1324 1322 1321 5300
1321 1220 1110 1321 1323 1310 1321 1600 1325 1321 1325 1321 1321 1321 1321 1321 1321 1321
1321 1322 1360 1250 1600 1321 1322 1321 1321 1321 2600 1321 1325 1321 1321 1321 1310 1321
1321 1321 1325 1325 1323 1325 5300 1325 1321 1310 1110 1325 1310 1321 1321 1210 1321 1321
1321 1321 1321 1600 1321 1321 1321 1321 1321 1321 1321 1321 1321 1326 1321 1326 1321 5500
1321 1321 1321 1321 1321 1321 1321 6200 1321 1321 1321 1321 1321 2100 1321 1321 1321 1321
1321 1350 1350 4300 1321 1321 1321 1321 1321 1321 1321 1321 1321 1321 1321 2500 1323 1321
1321 1321 1321 1321 1321 1321 2500 1600 4400 1321 1360 1325 1230 1321 1326 1325 1321 1325
1321 1321 1321 1321 1323 1321 1321 1321 1330 1321 1321 1325 1321 1321 1321 5500 1321 1330
1321 1325 1325 1350 1325 1324 1321 1321 1324 1321 1321 1230 1360 1360 1321 1323 1220 1321
1321 1325 1325 1321 1321 1540 1310 1321 1321 1321 1321 1325 1321 1321 1321 1230 1321 1321
1321 1110 1321 3100 1130 1325 1321 1321 1321 1321 1321 1321 1321 1325 1321 1350 1325 1220
1321 1360 1350 1322 1321 1325 1321 1321 1325 1540 1360 1321 3300 1360 1321 3300 1321 1321
1321 1325 1325 1324 1321 5200 1325 1321 1325 5300 1325 1321 1350 1325 1330 1110 1321 1324
1321 1323 2500 1321 1325 1230 1321 1321 1321 1321 1510 1310 1321 1321 1325 1326 1326 1321
1321 1321 1321 1321 1600 1321 1321 1600 1321 4400 1321 1321 1360 1520 1530 1321 1321 1321
1321 1325 1326 1140 1325 1350 1325 1321 1321 1324 1321 1600 1321 1330 1321 2500 1230 1360
1321 1321 1325 1321 1325 2500 1350 1600 1326 1325 1321 1321 6400 1321 1321 6400 1321 1321
1321 1360 1321 1321 1321 1321 1220 1325 1321 1325 1321 1321 1323 1321 1325 1321 1600 1323
